✅ Opened: Analog Discovery 3 (210415BD076B)
实际称重质量 (g):
  NaCl=0.0548, KCl=0.0000, Urea=8.4485
  Lac=0.0000, NH4Cl=0.0000, CaCl2=0.0000, Glu=0.0000
  Water=0.0000
目标体积 (mL):
  NaCl=1.3, KCl=0.0, Urea=9.37
  Lac=0.0, NH4Cl=0.91, CaCl2=2.23, Glu=0.0
  Water=2.36
--------------------------------------------------
1000000.0000, 24.0721, -80.4643, 83.9879, -73.3447
869749.0026, 22.2450, -91.0073, 93.6866, -76.2644
756463.3276, 46.3166, -101.4391, 111.5128, -65.4588
657933.2247, 1496.1067, -1305.6427, 1985.7085, -41.1110
572236.7659, 1198.0367, -1883.0616, 2231.8631, -57.5348
497702.3564, 244.1887, -77.0685, 256.0619, -17.5162
432876.1281, 192.0945, -178.8906, 262.4922, -42.9616
376493.5807, 196.6778, -177.6196, 265.0111, -42.0852
327454.9163, 218.6676, -211.4515, 304.1829, -44.0388
284803.5868, 246.1477, -244.9162, 347.2357, -44.8563
247707.6356, 21.8661, -22.4210, 31.3182, -45.7179
215443.4690, 22.4237, -23.6061, 32.5587, -46.4715
187381.7423, 216.1432, -340.0290, 402.9114, -57.5575
162975.0835, 264.2637, -367.2105, 452.4144, -54.2593
141747.4163, 312.3407, -385.3200, 496.0123, -50.9718
123284.6739, 364.8590, -398.9924, 540.6635, -47.5586
107226.7222, 416.0336, -404.9294, 580.5616, -44.2251
93260.3347, 466.6398, -412.3240, 622.7068, -41.4639
81113.0831, 516.3492, -406.3297, 657.0543, -38.2002
70548.0231, 575.0599, -399.2261, 700.0538, -34.7697
61359.0727, 612.7764, -386.9987, 724.7503, -32.2744
53366.9923, 659.7222, -371.1516, 756.9590, -29.3616
46415.8883, 701.0978, -355.4775, 786.0676, -26.8864
40370.1726, 739.9107, -336.7455, 812.9362, -24.4711
35111.9173, 776.8542, -318.2209, 839.5040, -22.2754
30538.5551, 808.0449, -298.0059, 861.2456, -20.2439
26560.8778, 837.1387, -277.4548, 881.9197, -18.3369
23101.2970, 863.4549, -255.9612, 900.5945, -16.5118
20092.3300, 885.8975, -234.9299, 916.5187, -14.8523
17475.2840, 905.4528, -213.8922, 930.3734, -13.2911
15199.1108, 923.1169, -193.5029, 943.1798, -11.8389
13219.4115, 935.5935, -173.5927, 951.5616, -10.5113
11497.5700, 947.5073, -155.0213, 960.1051, -9.2918
10000.0000, 956.8800, -137.9116, 966.7673, -8.2014
8697.4900, 964.4524, -122.4138, 972.1901, -7.2336
7564.6333, 970.4383, -107.7653, 976.4035, -6.3366
6579.3322, 975.0065, -94.6573, 979.5906, -5.5451
5722.3677, 978.5524, -83.8643, 982.1395, -4.8984
4977.0236, 982.1239, -72.9206, 984.8273, -4.2463
4328.7613, 984.1584, -64.5183, 986.2710, -3.7508
3764.9358, 986.6585, -55.6042, 988.2241, -3.2256
3274.5492, 988.1181, -49.7476, 989.3696, -2.8822
2848.0359, 989.5236, -43.1586, 990.4644, -2.4974
2477.0764, 990.2269, -37.6869, 990.9438, -2.1796
2154.4347, 990.8308, -33.5116, 991.3974, -1.9371
1873.8174, 990.3547, -28.9281, 990.7771, -1.6731
1629.7508, 988.6940, -25.2853, 989.0173, -1.4650
1417.4742, 988.1198, -22.5435, 988.3770, -1.3070
1232.8467, 987.3806, -20.6026, 987.5956, -1.1954
1072.2672, 988.2597, -18.0820, 988.4251, -1.0482
932.6033, 987.6428, -15.6946, 987.7675, -0.9104
811.1308, 987.5985, -14.3611, 987.7030, -0.8331
705.4802, 987.6445, -12.8946, 987.7286, -0.7480
613.5907, 987.2325, -12.2360, 987.3084, -0.7101
533.6699, 986.9620, -11.7165, 987.0316, -0.6801
464.1589, 987.2507, -10.6452, 987.3080, -0.6178
403.7017, 987.8835, -10.9802, 987.9445, -0.6368
351.1192, 989.1527, -10.5431, 989.2089, -0.6107
305.3856, 987.1806, -11.6866, 987.2497, -0.6783
265.6088, 987.1308, -11.4588, 987.1973, -0.6651
231.0130, 987.3687, -11.9675, 987.4413, -0.6944
200.9233, 987.4531, -12.7572, 987.5355, -0.7402
174.7528, 987.5608, -13.7676, 987.6567, -0.7987
151.9911, 987.6932, -15.0482, 987.8078, -0.8729
132.1941, 987.6473, -16.3737, 987.7830, -0.9498
114.9757, 987.7544, -18.2538, 987.9230, -1.0587
100.0000, 987.7495, -20.4118, 987.9603, -1.1838
86.9749, 987.8670, -22.8067, 988.1303, -1.3225
75.6463, 987.6417, -25.9810, 987.9834, -1.5069
65.7933, 987.4872, -29.1295, 987.9168, -1.6897
57.2237, 986.9829, -33.6653, 987.5569, -1.9536
49.7702, 987.9998, -37.9177, 988.7271, -2.1978
43.2876, 988.0614, -43.4047, 989.0143, -2.5153
37.6494, 987.9662, -49.6934, 989.2152, -2.8795
32.7455, 988.2870, -57.0064, 989.9297, -3.3013
28.4804, 988.1469, -65.2692, 990.3001, -3.7790
24.7708, 988.3671, -74.8427, 991.1967, -4.3304
21.5443, 989.1136, -85.9297, 992.8392, -4.9651
18.7382, 988.5932, -98.3394, 993.4723, -5.6808
16.2975, 988.8279, -113.2269, 995.2893, -6.5323
14.1747, 989.2575, -129.9429, 997.7553, -7.4832
12.3285, 989.2337, -149.3002, 1000.4369, -8.5826
10.7227, 989.7815, -171.3495, 1004.5039, -9.8216
9.3260, 990.4359, -196.4366, 1009.7280, -11.2181
8.1113, 991.3159, -225.9291, 1016.7355, -12.8389
7.0548, 991.8390, -259.3126, 1025.1769, -14.6518
6.1359, 993.3462, -298.0013, 1037.0832, -16.6991
5.3367, 994.5187, -342.4239, 1051.8182, -18.9992
4.6416, 996.7621, -393.8462, 1071.7506, -21.5602
4.0370, 999.0118, -452.2153, 1096.5962, -24.3545
3.5112, 1003.4819, -520.1621, 1130.2851, -27.4003
3.0539, 1009.4658, -598.8372, 1173.7236, -30.6773
2.6561, 1016.4457, -689.0848, 1228.0065, -34.1347
2.3101, 1024.5850, -792.0652, 1295.0451, -37.7062
2.0092, 1033.1073, -911.6312, 1377.8179, -41.4257
1.7475, 1042.1629, -1048.7604, 1478.5134, -45.1808
1.5199, 1050.9401, -1206.4025, 1599.9632, -48.9397
1.3219, 1061.6169, -1386.0454, 1745.8958, -52.5503
1.1498, 1077.4758, -1593.4683, 1923.5632, -55.9341
1.0000, 1097.0538, -1832.3023, 2135.6167, -59.0898
