✅ Opened: Analog Discovery 3 (210415BD076B)
实际称重质量 (g):
  NaCl=1.3022, KCl=0.0000, Urea=1.4819
  Lac=0.0000, NH4Cl=0.0000, CaCl2=9.9678, Glu=0.0000
  Water=3.8478
目标体积 (mL):
  NaCl=1.48, KCl=0.36, Urea=1.65
  Lac=0.0, NH4Cl=0.0, CaCl2=5.71, Glu=0.0
  Water=13.52
--------------------------------------------------
1000000.0000, 21.9343, -79.8957, 82.8519, -74.6484
869749.0026, 20.0034, -88.7237, 90.9508, -77.2947
756463.3276, 20.9047, -131.2635, 132.9177, -80.9512
657933.2247, 739.6244, -1688.2014, 1843.1137, -66.3411
572236.7659, 679.6629, -2325.3128, 2422.6063, -73.7069
497702.3564, 164.1197, -140.7414, 216.2023, -40.6149
432876.1281, 273.7180, -216.7375, 349.1371, -38.3731
376493.5807, 212.8265, -198.8818, 291.2887, -43.0601
327454.9163, 232.6137, -220.2933, 320.3721, -43.4418
284803.5868, 22.0595, -19.4921, 29.4375, -41.4643
247707.6356, 19.6622, -22.9498, 30.2208, -49.4117
215443.4690, 179.2231, -315.6836, 363.0111, -60.4151
187381.7423, 212.2492, -350.4025, 409.6726, -58.7955
162975.0835, 250.8045, -375.3811, 451.4575, -56.2518
141747.4163, 301.1638, -396.6565, 498.0321, -52.7922
123284.6739, 353.8726, -413.6417, 544.3577, -49.4528
107226.7222, 416.5240, -430.7174, 599.1742, -45.9598
93260.3347, 475.5259, -428.8361, 640.3322, -42.0446
81113.0831, 531.5719, -425.3058, 680.7743, -38.6630
70548.0231, 589.3082, -415.6447, 721.1413, -35.1957
61359.0727, 640.0365, -403.0536, 756.3722, -32.2001
53366.9923, 689.7457, -383.4876, 789.1843, -29.0734
46415.8883, 733.8152, -358.5871, 816.7432, -26.0430
40370.1726, 771.7381, -334.3208, 841.0411, -23.4225
35111.9173, 805.1222, -310.3789, 862.8771, -21.0819
30538.5551, 832.7050, -284.9131, 880.0983, -18.8886
26560.8778, 855.8579, -260.2975, 894.5655, -16.9164
23101.2970, 875.9348, -237.7971, 907.6393, -15.1885
20092.3300, 893.9593, -216.0564, 919.6976, -13.5870
17475.2840, 908.8955, -196.5123, 929.8968, -12.2001
15199.1108, 921.6961, -178.0512, 938.7364, -10.9336
13219.4115, 933.2015, -160.7776, 946.9501, -9.7753
11497.5700, 943.9219, -144.9603, 954.9879, -8.7308
10000.0000, 952.8855, -130.7378, 961.8124, -7.8123
8697.4900, 960.4611, -117.0161, 967.5631, -6.9463
7564.6333, 966.8266, -103.2875, 972.3281, -6.0979
6579.3322, 972.2439, -92.4219, 976.6269, -5.4302
5722.3677, 976.1013, -81.6160, 979.5075, -4.7796
4977.0236, 980.8412, -72.2899, 983.5015, -4.2152
4328.7613, 982.9373, -63.6980, 984.9991, -3.7078
3764.9358, 987.0323, -56.3239, 988.6380, -3.2660
3274.5492, 987.9144, -49.2183, 989.1397, -2.8521
2848.0359, 989.2346, -42.9000, 990.1644, -2.4832
2477.0764, 989.1364, -38.2691, 989.8765, -2.2156
2154.4347, 989.7436, -33.5690, 990.3127, -1.9426
1873.8174, 989.2348, -29.8065, 989.6838, -1.7259
1629.7508, 988.1422, -25.8365, 988.4799, -1.4977
1417.4742, 987.2661, -23.2956, 987.5409, -1.3517
1232.8467, 987.5705, -20.4001, 987.7811, -1.1834
1072.2672, 987.1639, -18.3348, 987.3342, -1.0640
932.6033, 987.5040, -16.0899, 987.6350, -0.9335
811.1308, 987.5770, -14.4253, 987.6824, -0.8368
705.4802, 987.4946, -13.1895, 987.5826, -0.7652
613.5907, 987.1630, -12.2629, 987.2392, -0.7117
533.6699, 987.2736, -11.4590, 987.3401, -0.6650
464.1589, 987.1145, -11.1036, 987.1769, -0.6445
403.7017, 987.4909, -10.1599, 987.5432, -0.5895
351.1192, 986.9695, -10.9493, 987.0303, -0.6356
305.3856, 987.4235, -11.1626, 987.4866, -0.6477
265.6088, 987.1689, -11.5289, 987.2363, -0.6691
231.0130, 987.2192, -12.0196, 987.2924, -0.6976
200.9233, 987.5748, -13.1115, 987.6618, -0.7606
174.7528, 987.4035, -13.7118, 987.4987, -0.7956
151.9911, 987.3718, -15.0256, 987.4861, -0.8718
132.1941, 987.3798, -16.5114, 987.5178, -0.9580
114.9757, 987.6757, -18.5299, 987.8495, -1.0748
100.0000, 987.8035, -20.2972, 988.0121, -1.1771
86.9749, 987.9166, -22.9919, 988.1841, -1.3332
75.6463, 987.7723, -25.9179, 988.1123, -1.5030
65.7933, 987.6929, -30.0312, 988.1493, -1.7416
57.2237, 988.7836, -33.7080, 989.3580, -1.9525
49.7702, 987.7404, -38.2510, 988.4808, -2.2177
43.2876, 988.0792, -43.4287, 989.0331, -2.5167
37.6494, 987.9259, -49.8574, 989.1832, -2.8891
32.7455, 988.0522, -57.0367, 989.6971, -3.3038
28.4804, 988.0599, -65.2871, 990.2145, -3.7804
24.7708, 988.1526, -75.1143, 991.0034, -4.3470
21.5443, 988.4519, -86.0268, 992.1884, -4.9740
18.7382, 988.6484, -98.5430, 993.5473, -5.6921
16.2975, 988.7976, -113.0923, 995.2440, -6.5248
14.1747, 989.5599, -130.0614, 998.0705, -7.4877
12.3285, 989.3299, -149.1724, 1000.5129, -8.5745
10.7227, 989.8597, -171.5029, 1004.6072, -9.8295
9.3260, 990.3697, -196.7808, 1009.7301, -11.2380
8.1113, 991.1077, -225.9305, 1016.5329, -12.8416
7.0548, 992.3144, -259.4192, 1025.6638, -14.6508
6.1359, 993.3394, -298.3677, 1037.1820, -16.7186
5.3367, 994.7871, -342.7239, 1052.1697, -19.0098
4.6416, 997.0686, -394.2224, 1072.1740, -21.5729
4.0370, 999.1870, -452.8330, 1097.0107, -24.3801
3.5112, 1003.5933, -520.4840, 1130.5322, -27.4122
3.0539, 1009.6297, -599.1082, 1174.0029, -30.6846
2.6561, 1016.6048, -689.7364, 1228.5038, -34.1557
2.3101, 1024.7027, -793.4907, 1296.0104, -37.7528
2.0092, 1033.4721, -913.4990, 1379.3277, -41.4739
1.7475, 1042.0028, -1051.4194, 1480.2880, -45.2577
1.5199, 1050.9598, -1208.2782, 1601.3909, -48.9833
1.3219, 1061.6789, -1387.0664, 1746.7442, -52.5691
1.1498, 1076.8127, -1594.8207, 1924.3125, -55.9730
1.0000, 1096.9771, -1835.1898, 2138.0553, -59.1313
