✅ Opened: Analog Discovery 3 (210415BD076B)
实际称重质量 (g):
  NaCl=0.0000, KCl=13.6363, Urea=0.0000
  Lac=0.0000, NH4Cl=1.7615, CaCl2=0.0000, Glu=0.0000
  Water=0.0000
目标体积 (mL):
  NaCl=0.0, KCl=14.8, Urea=0.0
  Lac=0.0, NH4Cl=0.9, CaCl2=0.24, Glu=0.0
  Water=0.0
--------------------------------------------------
1000000.0000, 24.6732, -80.9839, 84.6590, -73.0557
869749.0026, 19.0774, -89.3405, 91.3546, -77.9463
756463.3276, 715.2781, -1183.4902, 1382.8492, -58.8521
657933.2247, 175.3551, -86.7954, 195.6601, -26.3340
572236.7659, 29.7669, 0.2580, 29.7680, 0.4965
497702.3564, 13.6261, -13.0453, 18.8640, -43.7526
432876.1281, 71.7771, -196.6330, 209.3239, -69.9464
376493.5807, 80.9178, -200.2496, 215.9806, -67.9971
327454.9163, 102.8565, -227.9735, 250.1027, -65.7162
284803.5868, 112.8834, -255.1365, 278.9933, -66.1333
247707.6356, 145.6066, -286.8651, 321.7030, -63.0886
215443.4690, 176.6861, -318.8411, 364.5238, -61.0069
187381.7423, 207.6336, -344.3933, 402.1423, -58.9144
162975.0835, 253.7223, -376.4990, 454.0116, -56.0240
141747.4163, 306.7165, -393.7498, 499.1131, -52.0827
123284.6739, 358.1120, -411.5055, 545.5099, -48.9686
107226.7222, 419.1497, -426.6649, 598.1049, -45.5091
93260.3347, 476.8049, -427.5454, 640.4202, -41.8822
81113.0831, 530.6619, -434.4469, 685.8179, -39.3068
70548.0231, 584.1596, -414.5732, 716.3194, -35.3630
61359.0727, 634.4381, -397.0143, 748.4197, -32.0372
53366.9923, 682.8467, -381.5736, 782.2263, -29.1964
46415.8883, 728.1058, -358.8253, 811.7227, -26.2350
40370.1726, 765.5039, -335.1960, 835.6750, -23.6475
35111.9173, 797.9189, -312.0861, 856.7802, -21.3617
30538.5551, 827.7253, -288.3209, 876.5033, -19.2047
26560.8778, 851.6301, -264.8757, 891.8705, -17.2768
23101.2970, 873.0262, -242.3698, 906.0452, -15.5157
20092.3300, 891.9449, -221.4409, 919.0222, -13.9428
17475.2840, 907.8943, -201.6784, 930.0249, -12.5242
15199.1108, 921.7359, -183.0397, 939.7343, -11.2318
13219.4115, 934.2928, -165.0826, 948.7651, -10.0203
11497.5700, 945.2699, -148.9162, 956.9280, -8.9527
10000.0000, 953.8257, -132.6219, 963.0015, -7.9158
8697.4900, 962.0267, -118.9952, 969.3582, -7.0512
7564.6333, 968.4828, -105.5390, 974.2163, -6.2192
6579.3322, 973.0189, -93.4921, 977.5001, -5.4884
5722.3677, 977.9181, -82.4389, 981.3867, -4.8187
4977.0236, 981.5362, -72.8621, 984.2369, -4.2454
4328.7613, 983.6545, -63.7693, 985.7193, -3.7092
3764.9358, 986.8940, -56.1654, 988.4909, -3.2573
3274.5492, 988.3358, -49.5368, 989.5764, -2.8693
2848.0359, 989.3757, -42.8251, 990.3021, -2.4785
2477.0764, 989.1317, -37.8644, 989.8561, -2.1922
2154.4347, 989.5175, -33.6467, 990.0894, -1.9475
1873.8174, 989.1556, -29.5079, 989.5956, -1.7087
1629.7508, 987.9342, -25.4003, 988.2607, -1.4728
1417.4742, 987.4938, -22.7579, 987.7560, -1.3202
1232.8467, 987.2409, -20.5527, 987.4548, -1.1926
1072.2672, 987.2241, -18.3893, 987.3954, -1.0671
932.6033, 987.6064, -16.3547, 987.7418, -0.9487
811.1308, 987.4551, -14.4649, 987.5611, -0.8392
705.4802, 987.0799, -12.9826, 987.1653, -0.7535
613.5907, 987.1880, -12.2775, 987.2644, -0.7125
533.6699, 986.4734, -11.3936, 986.5392, -0.6617
464.1589, 987.0013, -10.7472, 987.0598, -0.6239
403.7017, 987.3276, -10.6381, 987.3849, -0.6173
351.1192, 986.7931, -10.7679, 986.8518, -0.6252
305.3856, 986.6444, -11.1675, 986.7076, -0.6485
265.6088, 986.9896, -11.7847, 987.0599, -0.6841
231.0130, 987.2368, -12.0387, 987.3102, -0.6986
200.9233, 987.2841, -12.8298, 987.3674, -0.7445
174.7528, 987.3836, -13.7924, 987.4799, -0.8003
151.9911, 987.4572, -15.0924, 987.5725, -0.8756
132.1941, 987.6597, -16.3982, 987.7958, -0.9512
114.9757, 987.5980, -18.4279, 987.7699, -1.0690
100.0000, 987.6778, -20.4913, 987.8904, -1.1885
86.9749, 987.2992, -22.7030, 987.5602, -1.3173
75.6463, 987.4074, -25.9924, 987.7495, -1.5079
65.7933, 987.1275, -29.2682, 987.5613, -1.6983
57.2237, 987.6090, -34.6373, 988.2162, -2.0086
49.7702, 987.6919, -38.0513, 988.4246, -2.2063
43.2876, 988.1896, -43.3528, 989.1401, -2.5120
37.6494, 987.9829, -49.8736, 989.2410, -2.8898
32.7455, 988.1669, -57.1102, 989.8158, -3.3077
28.4804, 987.9597, -65.2569, 990.1126, -3.7790
24.7708, 988.1478, -74.7134, 990.9683, -4.3239
21.5443, 989.0265, -85.9094, 992.7507, -4.9644
18.7382, 988.8034, -98.5174, 993.6990, -5.6898
16.2975, 988.7474, -113.2891, 995.2165, -6.5364
14.1747, 988.9071, -129.7340, 997.3807, -7.4739
12.3285, 989.2367, -148.8586, 1000.3740, -8.5576
10.7227, 989.6644, -171.1535, 1004.3551, -9.8117
9.3260, 990.2378, -196.2963, 1009.5064, -11.2125
8.1113, 991.1695, -225.5734, 1016.5138, -12.8212
7.0548, 992.0255, -259.3953, 1025.3783, -14.6536
6.1359, 993.3818, -297.8890, 1037.0850, -16.6926
5.3367, 994.5696, -342.6021, 1051.9243, -19.0074
4.6416, 996.6820, -393.8289, 1071.6698, -21.5610
4.0370, 998.9522, -452.3156, 1096.5833, -24.3605
3.5112, 1003.6696, -519.9846, 1130.3701, -27.3879
3.0539, 1009.3978, -598.0588, 1173.2682, -30.6463
2.6561, 1016.5849, -688.3056, 1227.6847, -34.1010
2.3101, 1024.5066, -791.7159, 1294.7694, -37.6960
2.0092, 1033.3610, -912.1128, 1378.3268, -41.4338
1.7475, 1041.8533, -1049.6182, 1478.9039, -45.2127
1.5199, 1051.1159, -1206.2192, 1599.9404, -48.9307
1.3219, 1061.7462, -1384.0388, 1744.3820, -52.5069
1.1498, 1077.3230, -1590.8104, 1921.2763, -55.8935
1.0000, 1096.3313, -1830.4733, 2133.6764, -59.0812
