✅ Opened: Analog Discovery 3 (210415BD076B)
实际称重质量 (g):
  NaCl=1.8952, KCl=0.0000, Urea=15.8541
  Lac=0.0000, NH4Cl=1.1633, CaCl2=5.9796, Glu=0.0000
  Water=0.0000
目标体积 (mL):
  NaCl=2.22, KCl=0.0, Urea=17.55
  Lac=0.0, NH4Cl=0.67, CaCl2=3.37, Glu=0.0
  Water=0.0
--------------------------------------------------
1000000.0000, 22.7817, -79.5526, 82.7504, -74.0197
869749.0026, 26.3927, -101.7715, 105.1381, -75.4616
756463.3276, 36.4769, -94.6837, 101.4671, -68.9308
657933.2247, 620.9244, -1397.4365, 1529.1750, -66.0429
572236.7659, 901.0860, -1402.0794, 1666.6682, -57.2720
497702.3564, 177.9337, -154.8612, 235.8864, -41.0341
432876.1281, 164.3177, -155.7493, 226.4026, -43.4665
376493.5807, 175.7194, -190.5076, 259.1727, -47.3123
327454.9163, 186.4292, -224.0316, 291.4550, -50.2343
284803.5868, 18.8083, -19.1854, 26.8669, -45.5687
247707.6356, 20.1931, -20.8199, 29.0039, -45.8756
215443.4690, 173.5901, -312.4064, 357.3951, -60.9410
187381.7423, 208.2082, -336.8814, 396.0300, -58.2820
162975.0835, 249.7227, -367.9383, 444.6797, -55.8349
141747.4163, 298.7363, -388.9345, 490.4216, -52.4725
123284.6739, 349.8689, -406.8060, 536.5626, -49.3032
107226.7222, 410.9137, -411.6779, 581.6603, -45.0532
93260.3347, 464.3478, -421.2617, 626.9611, -42.2147
81113.0831, 521.8870, -412.9797, 665.5210, -38.3553
70548.0231, 568.7142, -405.4566, 698.4489, -35.4864
61359.0727, 617.6855, -392.9032, 732.0575, -32.4600
53366.9923, 663.7559, -374.1020, 761.9214, -29.4062
46415.8883, 707.0749, -356.2939, 791.7703, -26.7435
40370.1726, 746.3192, -338.6511, 819.5590, -24.4067
35111.9173, 780.7301, -316.2000, 842.3312, -22.0482
30538.5551, 812.3853, -295.0697, 864.3124, -19.9617
26560.8778, 839.3000, -274.3093, 882.9893, -18.0990
23101.2970, 863.2346, -251.9404, 899.2486, -16.2702
20092.3300, 884.9664, -232.3854, 914.9691, -14.7133
17475.2840, 903.8800, -211.5330, 928.3024, -13.1718
15199.1108, 919.9072, -192.1643, 939.7640, -11.7991
13219.4115, 933.7866, -172.0174, 949.4985, -10.4377
11497.5700, 945.9717, -154.4887, 958.5037, -9.2752
10000.0000, 954.8855, -137.8462, 964.7839, -8.2144
8697.4900, 963.2479, -122.0348, 970.9475, -7.2204
7564.6333, 969.4768, -108.1482, 975.4903, -6.3652
6579.3322, 975.0610, -95.4901, 979.7257, -5.5933
5722.3677, 979.5268, -84.0293, 983.1245, -4.9031
4977.0236, 982.1835, -74.0369, 984.9700, -4.3108
4328.7613, 985.5295, -64.2424, 987.6211, -3.7296
3764.9358, 987.2387, -57.0578, 988.8861, -3.3078
3274.5492, 988.6947, -50.2984, 989.9733, -2.9123
2848.0359, 990.7285, -42.2823, 991.6304, -2.4438
2477.0764, 989.8099, -37.9076, 990.5355, -2.1932
2154.4347, 989.2778, -33.9614, 989.8606, -1.9662
1873.8174, 989.3235, -29.4903, 989.7629, -1.7074
1629.7508, 988.4511, -25.7130, 988.7855, -1.4901
1417.4742, 987.5665, -23.2731, 987.8406, -1.3500
1232.8467, 987.8014, -20.4520, 988.0131, -1.1861
1072.2672, 987.3922, -18.5056, 987.5656, -1.0737
932.6033, 987.7026, -16.2507, 987.8363, -0.9426
811.1308, 987.6980, -14.5032, 987.8045, -0.8413
705.4802, 987.5006, -13.0932, 987.5873, -0.7596
613.5907, 987.3665, -12.0591, 987.4402, -0.6997
533.6699, 986.6599, -11.4851, 986.7268, -0.6669
464.1589, 987.4600, -11.6113, 987.5283, -0.6737
403.7017, 986.7593, -10.8204, 986.8187, -0.6283
351.1192, 987.1842, -10.8334, 987.2436, -0.6287
305.3856, 987.3171, -11.3555, 987.3824, -0.6590
265.6088, 987.0790, -11.4038, 987.1449, -0.6619
231.0130, 987.2980, -12.0680, 987.3717, -0.7003
200.9233, 987.2076, -12.8038, 987.2907, -0.7431
174.7528, 987.2945, -13.8879, 987.3921, -0.8059
151.9911, 987.5358, -14.8984, 987.6482, -0.8643
132.1941, 987.5123, -16.8213, 987.6556, -0.9759
114.9757, 987.6493, -18.5030, 987.8226, -1.0733
100.0000, 987.8825, -20.6928, 988.0992, -1.2000
86.9749, 987.9818, -22.6984, 988.2426, -1.3161
75.6463, 987.9768, -25.7057, 988.3111, -1.4904
65.7933, 988.5813, -29.2760, 989.0147, -1.6963
57.2237, 987.8295, -32.0986, 988.3508, -1.8611
49.7702, 988.2370, -38.1121, 988.9717, -2.2086
43.2876, 987.8716, -43.6088, 988.8337, -2.5276
37.6494, 988.1068, -49.7243, 989.3571, -2.8809
32.7455, 988.3114, -56.9752, 989.9523, -3.2994
28.4804, 988.4811, -65.2552, 990.6327, -3.7769
24.7708, 988.5809, -75.0152, 991.4229, -4.3394
21.5443, 988.3662, -85.9890, 992.0997, -4.9723
18.7382, 988.5622, -98.6691, 993.4741, -5.6999
16.2975, 989.0149, -113.2919, 995.4826, -6.5348
14.1747, 988.9940, -129.7789, 997.4726, -7.4758
12.3285, 989.5954, -149.1432, 1000.7711, -8.5706
10.7227, 990.0641, -171.1174, 1004.7428, -9.8058
9.3260, 990.5751, -196.3600, 1009.8496, -11.2123
8.1113, 991.5834, -225.6707, 1016.9390, -12.8213
7.0548, 992.1194, -259.3086, 1025.4472, -14.6476
6.1359, 993.5227, -297.8743, 1037.2157, -16.6896
5.3367, 994.9137, -342.4033, 1052.1850, -18.9911
4.6416, 996.7056, -393.4629, 1071.5573, -21.5423
4.0370, 999.7236, -452.2751, 1097.2694, -24.3420
3.5112, 1003.6910, -519.7569, 1130.2845, -27.3772
3.0539, 1009.6181, -598.0838, 1173.4705, -30.6419
2.6561, 1016.5238, -688.3649, 1227.6672, -34.1049
2.3101, 1024.7718, -792.1901, 1295.2692, -37.7055
2.0092, 1033.5455, -912.2748, 1378.5723, -41.4337
1.7475, 1042.1441, -1049.4506, 1478.9898, -45.2001
1.5199, 1051.4318, -1205.8813, 1599.8933, -48.9142
1.3219, 1061.8890, -1384.9229, 1745.1704, -52.5208
1.1498, 1077.0586, -1592.2987, 1922.3607, -55.9249
1.0000, 1097.8812, -1833.4689, 2137.0426, -59.0868
