✅ Opened: Analog Discovery 3 (210415BD076B)
实际称重质量 (g):
  NaCl=2.4815, KCl=0.0000, Urea=0.7556
  Lac=0.0000, NH4Cl=0.0000, CaCl2=0.0000, Glu=0.0000
  Water=0.0000
目标体积 (mL):
  NaCl=2.57, KCl=0.0, Urea=0.97
  Lac=0.0, NH4Cl=15.08, CaCl2=0.0, Glu=0.0
  Water=0.0
--------------------------------------------------
1000000.0000, 24.5693, -79.7682, 83.4662, -72.8807
869749.0026, 510.3770, -1288.9282, 1386.2974, -68.3979
756463.3276, 102.4138, 25.6538, 105.5780, 14.0627
657933.2247, 152.5211, -61.8505, 164.5848, -22.0736
572236.7659, 151.9024, -65.4004, 165.3831, -23.2939
497702.3564, 12.8860, -12.4049, 17.8866, -43.9103
432876.1281, 12.6152, -18.1618, 22.1132, -55.2161
376493.5807, 84.2063, -202.0949, 218.9362, -67.3801
327454.9163, 96.4338, -233.8441, 252.9477, -67.5895
284803.5868, 125.2302, -252.8343, 282.1485, -63.6505
247707.6356, 150.1645, -288.6615, 325.3841, -62.5161
215443.4690, 180.3840, -312.5064, 360.8305, -60.0057
187381.7423, 215.2767, -343.2641, 405.1843, -57.9063
162975.0835, 257.8559, -367.1716, 448.6699, -54.9205
141747.4163, 311.5542, -386.4490, 496.3959, -51.1243
123284.6739, 364.4921, -403.7816, 543.9614, -47.9276
107226.7222, 415.4958, -415.2706, 587.4406, -44.9845
93260.3347, 472.8169, -413.4118, 628.0645, -41.1651
81113.0831, 528.8661, -408.9037, 668.5070, -37.7101
70548.0231, 574.3294, -407.2531, 704.0663, -35.3402
61359.0727, 623.9489, -387.6964, 734.5888, -31.8551
53366.9923, 668.8608, -373.2319, 765.9483, -29.1620
46415.8883, 712.0176, -355.6634, 795.9054, -26.5428
40370.1726, 748.3054, -336.6782, 820.5567, -24.2240
35111.9173, 783.4243, -315.7538, 844.6621, -21.9516
30538.5551, 815.1535, -294.6494, 866.7719, -19.8731
26560.8778, 841.1359, -273.4882, 884.4803, -18.0115
23101.2970, 864.5908, -252.0288, 900.5752, -16.2514
20092.3300, 887.5196, -230.8057, 917.0399, -14.5773
17475.2840, 906.3524, -211.0432, 930.5987, -13.1077
15199.1108, 922.0803, -191.8950, 941.8364, -11.7561
13219.4115, 935.9538, -171.9444, 951.6167, -10.4098
11497.5700, 946.6220, -153.5780, 958.9991, -9.2153
10000.0000, 956.4147, -137.0973, 966.1908, -8.1575
8697.4900, 964.3374, -122.0830, 972.0344, -7.2151
7564.6333, 970.3825, -107.8605, 976.3586, -6.3425
6579.3322, 975.9825, -96.0710, 980.6995, -5.6218
5722.3677, 977.8890, -83.5938, 981.4554, -4.8860
4977.0236, 982.0530, -73.6233, 984.8089, -4.2874
4328.7613, 983.4807, -64.4769, 985.5920, -3.7509
3764.9358, 986.4603, -55.9401, 988.0452, -3.2456
3274.5492, 987.3493, -49.5983, 988.5942, -2.8758
2848.0359, 989.2529, -43.3325, 990.2015, -2.5081
2477.0764, 990.7263, -37.7975, 991.4470, -2.1849
2154.4347, 991.7779, -33.1204, 992.3308, -1.9127
1873.8174, 990.9451, -29.3653, 991.3801, -1.6974
1629.7508, 989.6876, -25.4161, 990.0139, -1.4711
1417.4742, 988.1422, -22.9498, 988.4087, -1.3305
1232.8467, 988.0247, -20.5972, 988.2394, -1.1943
1072.2672, 987.8796, -18.1850, 988.0470, -1.0546
932.6033, 988.1071, -16.1701, 988.2394, -0.9375
811.1308, 987.7805, -14.3762, 987.8851, -0.8338
705.4802, 987.2427, -13.3064, 987.3324, -0.7722
613.5907, 987.1587, -12.1434, 987.2334, -0.7048
533.6699, 986.6631, -11.1262, 986.7258, -0.6461
464.1589, 987.0207, -11.2604, 987.0850, -0.6536
403.7017, 986.9959, -10.9092, 987.0561, -0.6333
351.1192, 987.0792, -10.8323, 987.1387, -0.6287
305.3856, 987.1177, -10.9069, 987.1779, -0.6330
265.6088, 987.2554, -11.4385, 987.3216, -0.6638
231.0130, 987.3243, -12.2353, 987.4001, -0.7100
200.9233, 987.4165, -12.6314, 987.4973, -0.7329
174.7528, 987.6042, -13.7109, 987.6994, -0.7954
151.9911, 987.3867, -14.9855, 987.5004, -0.8695
132.1941, 987.4909, -16.3557, 987.6263, -0.9489
114.9757, 987.8011, -18.3066, 987.9707, -1.0617
100.0000, 987.6950, -20.3084, 987.9038, -1.1779
86.9749, 987.6126, -22.9218, 987.8786, -1.3296
75.6463, 987.6903, -25.8215, 988.0278, -1.4976
65.7933, 987.3846, -29.2560, 987.8180, -1.6972
57.2237, 987.5478, -34.2732, 988.1423, -1.9877
49.7702, 988.0208, -38.1207, 988.7560, -2.2095
43.2876, 988.0383, -43.3338, 988.9882, -2.5113
37.6494, 987.9782, -49.5838, 989.2217, -2.8731
32.7455, 988.1030, -56.8472, 989.7369, -3.2927
28.4804, 988.0692, -65.3406, 990.2273, -3.7834
24.7708, 988.3717, -74.8592, 991.2025, -4.3313
21.5443, 988.4339, -85.7838, 992.1494, -4.9601
18.7382, 988.3908, -98.3651, 993.2734, -5.6834
16.2975, 988.7880, -113.1741, 995.2437, -6.5295
14.1747, 989.1453, -129.7014, 997.6126, -7.4703
12.3285, 989.2270, -149.0637, 1000.3949, -8.5693
10.7227, 989.9200, -171.1715, 1004.6100, -9.8103
9.3260, 990.5552, -196.3823, 1009.8345, -11.2138
8.1113, 991.0468, -225.7422, 1016.4317, -12.8320
7.0548, 992.4211, -259.3201, 1025.7420, -14.6440
6.1359, 993.1213, -297.8203, 1036.8157, -16.6931
5.3367, 994.7685, -342.3820, 1052.0407, -18.9926
4.6416, 996.6606, -393.6080, 1071.5687, -21.5504
4.0370, 999.1339, -452.2204, 1096.7095, -24.3521
3.5112, 1003.8650, -520.1974, 1130.6415, -27.3929
3.0539, 1009.4852, -598.5552, 1173.5965, -30.6650
2.6561, 1016.2035, -688.7996, 1227.6459, -34.1301
2.3101, 1024.3562, -792.6402, 1295.2158, -37.7325
2.0092, 1033.4913, -912.4635, 1378.6566, -41.4411
1.7475, 1041.7439, -1048.9096, 1478.3240, -45.1964
1.5199, 1050.8203, -1206.4306, 1599.9056, -48.9436
1.3219, 1061.8199, -1385.3764, 1745.4883, -52.5317
1.1498, 1076.2354, -1592.2573, 1921.8653, -55.9445
1.0000, 1097.2872, -1832.4057, 2135.8253, -59.0858
