✅ Opened: Analog Discovery 3 (210415BD076B)
实际称重质量 (g):
  NaCl=0.0000, KCl=0.0000, Urea=6.2681
  Lac=0.0000, NH4Cl=4.2385, CaCl2=4.1900, Glu=0.0000
  Water=0.0000
目标体积 (mL):
  NaCl=0.0, KCl=0.0, Urea=6.97
  Lac=0.0, NH4Cl=2.4, CaCl2=2.35, Glu=0.0
  Water=0.0
--------------------------------------------------
1000000.0000, 22.9912, -79.7111, 82.9606, -73.9108
869749.0026, 25.2600, -92.5281, 95.9141, -74.7304
756463.3276, 25.7026, -103.4967, 106.6404, -76.0532
657933.2247, 750.0733, -1504.8277, 1681.4031, -63.5063
572236.7659, 851.2019, -1531.7232, 1752.3472, -60.9384
497702.3564, 170.5961, -152.9160, 229.0990, -41.8719
432876.1281, 203.1477, -199.3766, 284.6401, -44.4632
376493.5807, 196.3425, -203.6715, 282.9000, -46.0497
327454.9163, 193.3146, -200.4448, 278.4756, -46.0374
284803.5868, 18.2187, -19.6122, 26.7686, -47.1094
247707.6356, 121.4516, -253.8565, 281.4136, -64.4323
215443.4690, 170.9711, -314.1517, 357.6624, -61.4436
187381.7423, 206.6802, -340.2243, 398.0820, -58.7221
162975.0835, 252.2000, -368.0875, 446.1986, -55.5825
141747.4163, 299.9294, -388.7424, 490.9973, -52.3485
123284.6739, 357.3687, -404.1118, 539.4616, -48.5127
107226.7222, 404.9033, -416.5826, 580.9370, -45.8145
93260.3347, 456.0952, -420.8331, 620.5831, -42.6973
81113.0831, 514.5528, -417.1911, 662.4297, -39.0346
70548.0231, 569.0340, -408.4500, 700.4507, -35.6706
61359.0727, 614.5919, -392.3748, 729.1647, -32.5554
53366.9923, 663.8970, -375.7978, 762.8782, -29.5120
46415.8883, 707.5575, -359.4149, 793.6099, -26.9290
40370.1726, 745.0309, -339.7031, 818.8219, -24.5110
35111.9173, 780.2318, -320.5165, 843.5001, -22.3327
30538.5551, 813.3025, -297.7969, 866.1085, -20.1106
26560.8778, 840.6043, -276.9235, 885.0436, -18.2336
23101.2970, 864.6522, -255.5479, 901.6253, -16.4650
20092.3300, 887.3953, -233.1019, 917.5003, -14.7180
17475.2840, 905.4227, -212.5552, 930.0377, -13.2114
15199.1108, 921.8661, -192.3778, 941.7252, -11.7875
13219.4115, 935.4511, -174.3535, 951.5607, -10.5579
11497.5700, 946.9991, -154.9308, 959.5889, -9.2914
10000.0000, 956.3445, -138.0741, 966.2605, -8.2154
8697.4900, 963.8224, -122.1168, 971.5277, -7.2209
7564.6333, 969.7646, -108.1920, 975.7812, -6.3659
6579.3322, 975.2722, -94.9716, 979.8855, -5.5619
5722.3677, 979.2973, -84.1695, 982.9078, -4.9124
4977.0236, 982.9370, -73.8388, 985.7065, -4.2960
4328.7613, 985.4584, -64.9308, 987.5952, -3.7697
3764.9358, 986.8397, -56.6513, 988.4644, -3.2856
3274.5492, 989.3787, -49.8094, 990.6317, -2.8821
2848.0359, 990.4014, -42.8011, 991.3259, -2.4745
2477.0764, 989.6470, -37.8372, 990.3700, -2.1895
2154.4347, 989.3328, -33.4279, 989.8973, -1.9352
1873.8174, 989.7877, -28.8922, 990.2093, -1.6720
1629.7508, 988.4026, -25.1857, 988.7234, -1.4596
1417.4742, 987.8054, -23.1415, 988.0764, -1.3420
1232.8467, 987.5046, -20.5805, 987.7190, -1.1939
1072.2672, 987.2823, -18.3458, 987.4527, -1.0646
932.6033, 988.2432, -16.4500, 988.3801, -0.9536
811.1308, 988.0664, -14.7279, 988.1761, -0.8540
705.4802, 987.9789, -12.9198, 988.0634, -0.7492
613.5907, 987.3556, -12.2858, 987.4320, -0.7129
533.6699, 986.9537, -11.3552, 987.0190, -0.6592
464.1589, 987.6892, -10.8278, 987.7485, -0.6281
403.7017, 986.9555, -10.4984, 987.0114, -0.6094
351.1192, 987.2196, -10.8797, 987.2795, -0.6314
305.3856, 987.2453, -11.1450, 987.3082, -0.6468
265.6088, 987.5548, -11.1739, 987.6180, -0.6483
231.0130, 987.4498, -11.7730, 987.5200, -0.6831
200.9233, 987.4635, -12.8614, 987.5473, -0.7462
174.7528, 987.7122, -13.7990, 987.8086, -0.8004
151.9911, 987.8334, -14.9868, 987.9471, -0.8692
132.1941, 987.6214, -16.4055, 987.7577, -0.9517
114.9757, 987.7222, -18.3699, 987.8930, -1.0655
100.0000, 987.8307, -20.6248, 988.0459, -1.1961
86.9749, 987.9903, -23.1996, 988.2626, -1.3452
75.6463, 988.0985, -25.9292, 988.4386, -1.5032
65.7933, 988.1016, -30.1374, 988.5611, -1.7470
57.2237, 989.1081, -32.8892, 989.6548, -1.9045
49.7702, 988.2044, -38.3857, 988.9497, -2.2245
43.2876, 987.9086, -43.4665, 988.8643, -2.5193
37.6494, 988.1866, -49.8966, 989.4455, -2.8906
32.7455, 988.3689, -56.8065, 990.0001, -3.2895
28.4804, 988.5192, -65.3438, 990.6766, -3.7819
24.7708, 988.4874, -74.9948, 991.3282, -4.3386
21.5443, 988.5448, -85.8439, 992.2651, -4.9630
18.7382, 988.7243, -98.2571, 993.5946, -5.6753
16.2975, 989.0537, -113.0811, 995.4972, -6.5225
14.1747, 989.3437, -129.6693, 997.8052, -7.4670
12.3285, 989.4913, -148.7514, 1000.6098, -8.5493
10.7227, 990.3025, -170.8713, 1004.9359, -9.7897
9.3260, 990.5717, -196.1905, 1009.8134, -11.2029
8.1113, 991.1575, -225.2271, 1016.4253, -12.8023
7.0548, 992.5597, -258.7258, 1025.7260, -14.6099
6.1359, 993.7735, -297.2031, 1037.2635, -16.6501
5.3367, 994.9537, -341.7122, 1051.9981, -18.9548
4.6416, 997.0447, -393.0941, 1071.7374, -21.5173
4.0370, 999.3443, -451.6147, 1096.6517, -24.3187
3.5112, 1003.6510, -519.1095, 1129.9514, -27.3490
3.0539, 1009.5046, -597.6986, 1173.1765, -30.6286
2.6561, 1016.7165, -687.8983, 1227.5653, -34.0818
2.3101, 1024.6121, -790.2954, 1293.9849, -37.6434
2.0092, 1033.5311, -910.6668, 1377.4979, -41.3840
1.7475, 1042.2140, -1048.1803, 1478.1380, -45.1635
1.5199, 1051.6001, -1205.0603, 1599.3852, -48.8903
1.3219, 1062.1557, -1384.6967, 1745.1532, -52.5094
1.1498, 1076.9567, -1591.2233, 1921.4128, -55.9094
1.0000, 1096.8376, -1828.5894, 2132.3208, -59.0435
