✅ Opened: Analog Discovery 3 (210415BD076B)
Config: NaCl=0, KCl=0, Urea=0, Lac=0, NH4Cl=0, CaCl2=0, Glu=0
--------------------------------------------------
1000000.0000, 24.2352, -95.2336, 98.2690, -75.7223
869749.0026, 27.7412, -109.3408, 112.8051, -75.7637
756463.3276, 668.1695, -1339.5204, 1496.9186, -63.4894
657933.2247, 161.0162, -231.1995, 281.7435, -55.1452
572236.7659, 318.1534, -218.9576, 386.2176, -34.5363
497702.3564, 208.9625, -200.0100, 289.2565, -43.7460
432876.1281, 16.2863, -16.3316, 23.0643, -45.0795
376493.5807, 17.0318, -19.4415, 25.8468, -48.7799
327454.9163, 111.9875, -277.4936, 299.2388, -68.0226
284803.5868, 137.4701, -314.0487, 342.8187, -66.3593
247707.6356, 173.4512, -334.8554, 377.1120, -62.6164
215443.4690, 212.2703, -374.4407, 430.4236, -60.4511
187381.7423, 250.9798, -397.3330, 469.9621, -57.7210
162975.0835, 306.0877, -423.3914, 522.4461, -54.1352
141747.4163, 362.2117, -447.2029, 575.4891, -50.9943
123284.6739, 423.3743, -461.7114, 626.4370, -47.4802
107226.7222, 491.4822, -464.7004, 676.3884, -43.3956
93260.3347, 559.3900, -462.1732, 725.6179, -39.5638
81113.0831, 621.6523, -456.9961, 771.5550, -36.3208
70548.0231, 681.5292, -433.2033, 807.5563, -32.4414
61359.0727, 738.9681, -415.3749, 847.7088, -29.3404
53366.9923, 785.8507, -382.3590, 873.9335, -25.9454
46415.8883, 826.6231, -352.4104, 898.6094, -23.0898
40370.1726, 861.5326, -319.3625, 918.8204, -20.3393
35111.9173, 889.3389, -286.8858, 934.4663, -17.8788
30538.5551, 911.2624, -257.7438, 947.0116, -15.7932
26560.8778, 929.1456, -228.2427, 956.7687, -13.8013
23101.2970, 942.6516, -202.2262, 964.0993, -12.1081
20092.3300, 953.2207, -178.0814, 969.7127, -10.5821
17475.2840, 962.1933, -156.9886, 974.9161, -9.2666
15199.1108, 968.2074, -137.1526, 977.8734, -8.0627
13219.4115, 973.3926, -119.9555, 980.7561, -7.0254
11497.5700, 977.2268, -105.3866, 982.8930, -6.1551
10000.0000, 980.0381, -91.8596, 984.3337, -5.3547
8697.4900, 983.1112, -80.4102, 986.3942, -4.6759
7564.6333, 984.9679, -70.4381, 987.4833, -4.0904
6579.3322, 986.6465, -61.4303, 988.5570, -3.5627
5722.3677, 988.3070, -53.1975, 989.7377, -3.0811
4977.0236, 988.9139, -47.2643, 990.0428, -2.7363
4328.7613, 989.9838, -41.1716, 990.8396, -2.3815
3764.9358, 990.2790, -35.4798, 990.9143, -2.0519
3274.5492, 992.2322, -31.7314, 992.7395, -1.8317
2848.0359, 992.4017, -27.4731, 992.7819, -1.5857
2477.0764, 990.6440, -24.4838, 990.9465, -1.4158
2154.4347, 990.3182, -21.4658, 990.5509, -1.2417
1873.8174, 989.1950, -18.3743, 989.3657, -1.0641
1629.7508, 988.2049, -16.4282, 988.3415, -0.9524
1417.4742, 987.4215, -15.0046, 987.5355, -0.8706
1232.8467, 987.4799, -13.6202, 987.5739, -0.7902
1072.2672, 987.4061, -12.0666, 987.4798, -0.7001
932.6033, 987.3440, -10.8714, 987.4038, -0.6308
811.1308, 987.0141, -9.6965, 987.0617, -0.5629
705.4802, 986.9552, -9.0862, 986.9970, -0.5275
613.5907, 987.0192, -8.7201, 987.0577, -0.5062
533.6699, 989.4255, -7.6467, 989.4551, -0.4428
464.1589, 989.6340, -8.3924, 989.6696, -0.4859
403.7017, 986.2615, -8.5626, 986.2987, -0.4974
351.1192, 986.4252, -9.1079, 986.4673, -0.5290
305.3856, 986.8369, -9.4782, 986.8824, -0.5503
265.6088, 986.8481, -10.1314, 986.9001, -0.5882
231.0130, 986.8435, -10.7200, 986.9017, -0.6224
200.9233, 987.3698, -11.6556, 987.4386, -0.6763
174.7528, 987.1866, -12.7706, 987.2692, -0.7412
151.9911, 987.3469, -14.2229, 987.4494, -0.8253
132.1941, 987.1950, -15.9104, 987.3232, -0.9233
114.9757, 987.4377, -17.6433, 987.5953, -1.0236
100.0000, 987.5033, -19.9762, 987.7053, -1.1589
86.9749, 987.5378, -22.2057, 987.7874, -1.2881
75.6463, 987.5351, -25.3730, 987.8610, -1.4718
65.7933, 987.5832, -28.9529, 988.0075, -1.6793
57.2237, 987.7250, -33.0420, 988.2775, -1.9160
49.7702, 987.5923, -37.5123, 988.3045, -2.1753
43.2876, 987.7426, -42.8003, 988.6694, -2.4812
37.6494, 987.9495, -49.1333, 989.1705, -2.8471
32.7455, 988.0048, -56.1046, 989.5965, -3.2501
28.4804, 988.2948, -64.4996, 990.3973, -3.7340
24.7708, 988.5570, -74.1933, 991.3373, -4.2921
21.5443, 989.0962, -84.7507, 992.7205, -4.8974
18.7382, 988.7824, -97.3102, 993.5592, -5.6206
16.2975, 988.9074, -111.4996, 995.1734, -6.4329
14.1747, 989.0387, -128.0836, 997.2978, -7.3789
12.3285, 989.4389, -147.1203, 1000.3168, -8.4574
10.7227, 990.0846, -168.8288, 1004.3758, -9.6770
9.3260, 990.7489, -193.9238, 1009.5493, -11.0747
8.1113, 991.1899, -222.5420, 1015.8653, -12.6542
7.0548, 992.8137, -255.7829, 1025.2336, -14.4472
6.1359, 993.5172, -293.8652, 1036.0662, -16.4773
5.3367, 995.1205, -337.5897, 1050.8243, -18.7392
4.6416, 996.8113, -388.0234, 1069.6705, -21.2692
4.0370, 999.4025, -445.8386, 1094.3388, -24.0419
3.5112, 1003.7272, -512.6668, 1127.0739, -27.0563
3.0539, 1009.7290, -590.1862, 1169.5607, -30.3063
2.6561, 1016.4313, -678.8758, 1222.2949, -33.7390
2.3101, 1023.7472, -780.9566, 1287.6147, -37.3379
2.0092, 1033.3357, -898.4250, 1369.2882, -41.0051
1.7475, 1041.1926, -1033.8393, 1467.2783, -44.7970
1.5199, 1050.2848, -1188.4628, 1586.0461, -48.5319
1.3219, 1059.5453, -1364.8439, 1727.8412, -52.1774
1.1498, 1074.9450, -1569.2876, 1902.1489, -55.5893
1.0000, 1093.8936, -1806.6983, 2112.0516, -58.8065
