✅ Opened: Analog Discovery 3 (210415BD076B)
实际称重质量 (g):
  NaCl=0.0000, KCl=0.0000, Urea=0.0000
  Lac=0.0000, NH4Cl=19.1733, CaCl2=0.0000, Glu=0.0000
  Water=4.1144
目标体积 (mL):
  NaCl=0.0, KCl=0.0, Urea=0.0
  Lac=0.0, NH4Cl=10.0, CaCl2=0.0, Glu=0.0
  Water=15.0
--------------------------------------------------
1000000.0000, 25.2015, -80.8760, 84.7115, -72.6926
869749.0026, 559.6715, -1327.8756, 1441.0017, -67.1456
756463.3276, 182.7376, -62.5533, 193.1475, -18.8967
657933.2247, 140.3124, -141.2333, 199.0840, -45.1874
572236.7659, 16.2645, -13.7524, 21.2993, -40.2160
497702.3564, 57.8423, -160.8313, 170.9164, -70.2191
432876.1281, 91.2053, -199.9967, 219.8114, -65.4854
376493.5807, 86.4279, -216.5561, 233.1659, -68.2430
327454.9163, 101.1040, -236.5779, 257.2764, -66.8601
284803.5868, 117.6630, -254.4276, 280.3177, -65.1813
247707.6356, 144.9813, -292.6251, 326.5716, -63.6439
215443.4690, 181.0713, -322.8864, 370.1925, -60.7168
187381.7423, 217.8494, -346.0726, 408.9310, -57.8100
162975.0835, 254.7036, -383.0156, 459.9727, -56.3763
141747.4163, 310.3572, -404.4916, 509.8383, -52.5018
123284.6739, 361.8592, -425.6356, 558.6660, -49.6301
107226.7222, 420.8817, -435.4211, 605.5848, -45.9727
93260.3347, 475.7752, -441.4162, 649.0071, -42.8546
81113.0831, 540.3590, -428.5313, 689.6571, -38.4161
70548.0231, 598.5658, -424.4169, 733.7648, -35.3388
61359.0727, 653.8340, -409.2126, 771.3325, -32.0411
53366.9923, 700.0888, -386.6113, 799.7453, -28.9089
46415.8883, 747.5186, -363.9919, 831.4290, -25.9630
40370.1726, 786.7927, -337.1425, 855.9836, -23.1952
35111.9173, 818.6863, -308.3570, 874.8322, -20.6388
30538.5551, 847.3446, -281.1769, 892.7784, -18.3575
26560.8778, 869.5773, -254.2379, 905.9810, -16.2973
23101.2970, 887.0002, -229.0127, 916.0874, -14.4769
20092.3300, 902.8824, -206.0168, 926.0883, -12.8535
17475.2840, 915.4000, -184.9803, 933.9030, -11.4243
15199.1108, 924.8304, -166.0923, 939.6265, -10.1813
13219.4115, 933.9834, -148.9162, 945.7806, -9.0591
11497.5700, 942.2190, -133.1623, 951.5823, -8.0442
10000.0000, 948.0140, -119.8906, 955.5649, -7.2076
8697.4900, 954.3182, -108.0854, 960.4195, -6.4617
7564.6333, 959.2845, -96.6535, 964.1414, -5.7535
6579.3322, 964.5438, -86.9052, 968.4509, -5.1484
5722.3677, 966.6904, -78.7034, 969.8890, -4.6545
4977.0236, 972.5161, -70.4575, 975.0650, -4.1438
4328.7613, 975.9537, -62.5386, 977.9554, -3.6665
3764.9358, 978.3922, -55.9993, 979.9935, -3.2758
3274.5492, 981.0012, -51.4611, 982.3500, -3.0029
2848.0359, 983.2448, -44.3272, 984.2435, -2.5813
2477.0764, 983.9557, -39.7443, 984.7581, -2.3131
2154.4347, 984.1182, -36.4057, 984.7913, -2.1186
1873.8174, 985.0847, -31.3408, 985.5831, -1.8223
1629.7508, 984.2229, -27.3074, 984.6016, -1.5893
1417.4742, 985.5593, -24.6921, 985.8685, -1.4352
1232.8467, 985.4089, -22.6012, 985.6680, -1.3139
1072.2672, 985.7433, -20.8037, 985.9628, -1.2090
932.6033, 986.3533, -18.1581, 986.5205, -1.0547
811.1308, 986.8342, -16.2397, 986.9679, -0.9428
705.4802, 986.4335, -14.6426, 986.5422, -0.8504
613.5907, 986.8273, -13.5787, 986.9207, -0.7883
533.6699, 986.8799, -13.8256, 986.9767, -0.8026
464.1589, 987.0064, -12.0805, 987.0803, -0.7012
403.7017, 987.2784, -11.8139, 987.3491, -0.6856
351.1192, 987.0612, -12.0873, 987.1352, -0.7016
305.3856, 986.9940, -12.0689, 987.0678, -0.7006
265.6088, 987.2689, -12.2753, 987.3453, -0.7124
231.0130, 987.4056, -12.5675, 987.4855, -0.7292
200.9233, 987.5200, -13.1884, 987.6080, -0.7651
174.7528, 987.4204, -13.9917, 987.5195, -0.8118
151.9911, 987.6508, -15.2262, 987.7681, -0.8832
132.1941, 987.6617, -16.5904, 987.8010, -0.9623
114.9757, 987.9871, -21.0522, 988.2114, -1.2207
100.0000, 987.7682, -20.9134, 987.9896, -1.2129
86.9749, 988.2584, -23.4355, 988.5362, -1.3585
75.6463, 988.3436, -25.9820, 988.6851, -1.5059
65.7933, 989.9956, -30.7688, 990.4736, -1.7802
57.2237, 990.2155, -29.6695, 990.6599, -1.7162
49.7702, 988.0594, -38.5342, 988.8105, -2.2334
43.2876, 987.5234, -43.6230, 988.4865, -2.5293
37.6494, 987.8417, -49.7333, 989.0928, -2.8821
32.7455, 988.4717, -57.0671, 990.1177, -3.3042
28.4804, 988.4584, -65.1247, 990.6015, -3.7695
24.7708, 988.1536, -74.9621, 990.9929, -4.3382
21.5443, 988.4655, -85.7088, 992.1744, -4.9557
18.7382, 988.6395, -98.4071, 993.5251, -5.6844
16.2975, 989.1647, -112.6588, 995.5595, -6.4976
14.1747, 989.3068, -129.5848, 997.7576, -7.4624
12.3285, 989.6137, -148.5998, 1000.7083, -8.5397
10.7227, 990.0236, -170.5291, 1004.6029, -9.7732
9.3260, 990.3401, -195.9684, 1009.5430, -11.1931
8.1113, 991.4141, -225.0291, 1016.6317, -12.7882
7.0548, 992.0746, -258.7334, 1025.2585, -14.6172
6.1359, 993.5650, -297.2032, 1037.0637, -16.6534
5.3367, 994.5587, -341.2158, 1051.4634, -18.9362
4.6416, 996.6261, -392.3542, 1071.0767, -21.4887
4.0370, 999.5508, -451.0451, 1096.6054, -24.2872
3.5112, 1003.3110, -518.2805, 1129.2686, -27.3195
3.0539, 1009.4086, -596.7638, 1172.6180, -30.5916
2.6561, 1016.6209, -686.9220, 1226.9392, -34.0466
2.3101, 1024.6695, -790.2773, 1294.0193, -37.6412
2.0092, 1033.6270, -909.9812, 1377.1167, -41.3599
1.7475, 1041.8082, -1046.3782, 1476.5743, -45.1254
1.5199, 1051.1262, -1202.8804, 1597.4315, -48.8517
1.3219, 1062.0396, -1381.4124, 1742.4776, -52.4467
1.1498, 1077.2697, -1588.3256, 1919.1895, -55.8532
1.0000, 1096.7236, -1827.6981, 2131.4978, -59.0338
