✅ Opened: Analog Discovery 3 (210415BD076B)
实际称重质量 (g):
  NaCl=0.0000, KCl=0.0000, Urea=9.4381
  Lac=0.0000, NH4Cl=0.0000, CaCl2=0.0000, Glu=0.0000
  Water=1.2856
目标体积 (mL):
  NaCl=0.0, KCl=0.0, Urea=10.0
  Lac=0.0, NH4Cl=10.0, CaCl2=0.0, Glu=0.0
  Water=5.0
--------------------------------------------------
1000000.0000, 26.3156, -81.4621, 85.6071, -72.0974
869749.0026, -1533.4313, -2804.8333, 3196.6391, -118.6659
756463.3276, 240.6448, -248.2433, 345.7379, -45.8904
657933.2247, 139.1301, -98.6419, 170.5503, -35.3363
572236.7659, 9.1140, -0.9932, 9.1680, -6.2193
497702.3564, 13.1382, -13.4091, 18.7727, -45.5847
432876.1281, 60.0108, -187.7722, 197.1286, -72.2765
376493.5807, 83.7801, -211.9245, 227.8840, -68.4296
327454.9163, 107.3261, -241.6136, 264.3786, -66.0489
284803.5868, 110.6121, -261.7964, 284.2048, -67.0954
247707.6356, 145.9293, -296.1545, 330.1558, -63.7683
215443.4690, 183.2905, -325.5194, 373.5750, -60.6174
187381.7423, 219.5879, -350.2530, 413.3957, -57.9147
162975.0835, 268.5370, -383.5124, 468.1814, -55.0001
141747.4163, 308.8471, -405.6912, 509.8744, -52.7185
123284.6739, 370.5206, -419.3451, 559.5855, -48.5372
107226.7222, 425.9030, -431.6278, 606.3794, -45.3825
93260.3347, 480.8942, -443.1766, 653.9609, -42.6627
81113.0831, 543.5428, -433.4400, 695.2043, -38.5701
70548.0231, 599.2827, -427.2418, 735.9859, -35.4859
61359.0727, 657.6904, -407.1479, 773.5154, -31.7599
53366.9923, 707.9537, -387.1780, 806.9110, -28.6741
46415.8883, 755.1473, -363.2553, 837.9748, -25.6894
40370.1726, 792.9624, -335.4803, 861.0089, -22.9319
35111.9173, 826.4761, -307.5697, 881.8514, -20.4125
30538.5551, 854.5002, -277.7737, 898.5148, -18.0079
26560.8778, 876.1449, -250.8084, 911.3368, -15.9745
23101.2970, 893.1106, -225.5403, 921.1487, -14.1728
20092.3300, 907.8064, -201.7922, 929.9637, -12.5323
17475.2840, 919.2407, -180.2100, 936.7385, -11.0917
15199.1108, 929.0680, -161.0499, 942.9233, -9.8343
13219.4115, 936.6574, -144.6073, 947.7544, -8.7764
11497.5700, 942.2719, -128.3636, 950.9751, -7.7575
10000.0000, 948.4267, -115.2819, 955.4073, -6.9303
8697.4900, 953.5560, -103.2644, 959.1312, -6.1807
7564.6333, 958.5264, -92.9212, 963.0198, -5.5370
6579.3322, 962.8508, -83.0777, 966.4282, -4.9314
5722.3677, 966.5871, -76.3220, 969.5956, -4.5147
4977.0236, 971.3449, -69.0766, 973.7980, -4.0677
4328.7613, 974.4581, -61.2637, 976.3820, -3.5974
3764.9358, 977.5643, -55.6418, 979.1465, -3.2577
3274.5492, 979.7839, -50.3031, 981.0743, -2.9390
2848.0359, 983.1606, -45.1152, 984.1952, -2.6273
2477.0764, 984.4091, -40.3600, 985.2362, -2.3478
2154.4347, 984.4450, -36.9338, 985.1375, -2.1486
1873.8174, 985.3656, -32.7271, 985.9089, -1.9023
1629.7508, 984.1416, -28.5758, 984.5564, -1.6632
1417.4742, 984.3966, -25.4754, 984.7262, -1.4824
1232.8467, 985.6291, -23.2936, 985.9043, -1.3538
1072.2672, 985.7669, -21.2906, 985.9967, -1.2373
932.6033, 986.2101, -18.7157, 986.3877, -1.0872
811.1308, 986.3975, -16.8844, 986.5420, -0.9807
705.4802, 986.7563, -14.7020, 986.8658, -0.8536
613.5907, 986.7391, -13.9162, 986.8373, -0.8080
533.6699, 989.5526, -13.3551, 989.6427, -0.7732
464.1589, 986.7241, -12.6123, 986.8047, -0.7323
403.7017, 987.3047, -11.5212, 987.3719, -0.6686
351.1192, 986.6298, -11.9992, 986.7027, -0.6968
305.3856, 987.3966, -12.0139, 987.4697, -0.6971
265.6088, 987.0036, -12.2353, 987.0794, -0.7102
231.0130, 987.0569, -12.9272, 987.1416, -0.7503
200.9233, 987.3598, -13.2711, 987.4490, -0.7701
174.7528, 987.5010, -14.6795, 987.6101, -0.8517
151.9911, 987.5431, -15.4235, 987.6636, -0.8948
132.1941, 987.9189, -17.2457, 988.0694, -1.0001
114.9757, 987.8947, -18.9533, 988.0765, -1.0991
100.0000, 987.9877, -21.0494, 988.2119, -1.2205
86.9749, 987.9220, -22.5590, 988.1796, -1.3081
75.6463, 989.1593, -27.1261, 989.5311, -1.5708
65.7933, 986.6151, -27.7313, 987.0048, -1.6100
57.2237, 984.2270, -35.9761, 984.8843, -2.0934
49.7702, 988.1545, -37.6866, 988.8729, -2.1841
43.2876, 988.6070, -43.5551, 989.5660, -2.5227
37.6494, 988.4733, -49.7559, 989.7248, -2.8816
32.7455, 988.2352, -56.9227, 989.8732, -3.2966
28.4804, 988.3664, -65.2988, 990.5211, -3.7799
24.7708, 988.5109, -74.7409, 991.3324, -4.3239
21.5443, 988.6575, -85.6259, 992.3585, -4.9499
18.7382, 989.3863, -98.7479, 994.3020, -5.6997
16.2975, 989.2495, -113.0046, 995.6830, -6.5168
14.1747, 989.2360, -129.6416, 997.6947, -7.4662
12.3285, 989.6592, -148.9217, 1000.8012, -8.5575
10.7227, 989.8974, -170.9131, 1004.5437, -9.7960
9.3260, 990.7403, -196.3219, 1010.0042, -11.2083
8.1113, 991.8091, -225.4435, 1017.1087, -12.8060
7.0548, 992.5061, -259.1097, 1025.7711, -14.6314
6.1359, 993.4355, -297.5551, 1037.0406, -16.6741
5.3367, 994.9077, -341.9362, 1052.0274, -18.9671
4.6416, 996.9381, -393.1016, 1071.6410, -21.5198
4.0370, 999.7188, -451.6997, 1097.0279, -24.3147
3.5112, 1003.6289, -519.4741, 1130.0992, -27.3659
3.0539, 1009.5665, -597.8215, 1173.2924, -30.6322
2.6561, 1016.6259, -688.0084, 1227.5520, -34.0884
2.3101, 1024.5267, -791.2218, 1294.4832, -37.6782
2.0092, 1034.2619, -912.1735, 1379.0424, -41.4109
1.7475, 1042.5042, -1049.1634, 1479.0398, -45.1824
1.5199, 1051.8657, -1205.4059, 1599.8202, -48.8913
1.3219, 1061.6486, -1384.2445, 1744.4858, -52.5135
1.1498, 1077.0362, -1591.6839, 1921.8388, -55.9152
1.0000, 1097.2638, -1830.7619, 2134.4032, -59.0637
