✅ Opened: Analog Discovery 3 (210415BD076B)
实际称重质量 (g):
  NaCl=0.0000, KCl=0.0000, Urea=0.0000
  Lac=0.0000, NH4Cl=0.0000, CaCl2=0.0000, Glu=0.0000
  Water=6.4007
目标体积 (mL):
  NaCl=0.0, KCl=0.0, Urea=0.0
  Lac=0.0, NH4Cl=0.0, CaCl2=0.0, Glu=0.0
  Water=25.0
--------------------------------------------------
1000000.0000, 22.8006, -97.3279, 99.9630, -76.8153
869749.0026, 19.0139, -105.7836, 107.4788, -79.8103
756463.3276, 29.8906, -119.8875, 123.5576, -76.0003
657933.2247, 354.0364, -1741.6670, 1777.2860, -78.5098
572236.7659, 360.4840, -2131.3745, 2161.6443, -80.4003
497702.3564, 206.5992, -198.1021, 286.2301, -43.7972
432876.1281, 251.9275, -202.3066, 323.1028, -38.7657
376493.5807, 235.5676, -263.9204, 353.7599, -48.2488
327454.9163, 243.8230, -302.5878, 388.5988, -51.1384
284803.5868, 20.7395, -24.2400, 31.9015, -49.4501
247707.6356, 22.4462, -25.8823, 34.2596, -49.0668
215443.4690, 174.7877, -335.8042, 378.5699, -62.5028
187381.7423, 208.9894, -369.3111, 424.3433, -60.4949
162975.0835, 257.2346, -402.1583, 477.3898, -57.3956
141747.4163, 309.9922, -426.4981, 527.2531, -53.9892
123284.6739, 366.5532, -448.5533, 579.2765, -50.7447
107226.7222, 424.6697, -454.7999, 622.2438, -46.9622
93260.3347, 486.6710, -456.7758, 667.4524, -43.1851
81113.0831, 543.1093, -461.8430, 712.9282, -40.3768
70548.0231, 605.8417, -449.5461, 754.4109, -36.5761
61359.0727, 664.4859, -433.4104, 793.3386, -33.1144
53366.9923, 715.8409, -411.7990, 825.8369, -29.9104
46415.8883, 762.3688, -384.0824, 853.6542, -26.7390
40370.1726, 803.7452, -354.1308, 878.3023, -23.7783
35111.9173, 837.7339, -327.6208, 899.5184, -21.3595
30538.5551, 865.1560, -296.4489, 914.5364, -18.9142
26560.8778, 889.6476, -269.4586, 929.5595, -16.8506
23101.2970, 910.7331, -243.2054, 942.6471, -14.9516
20092.3300, 926.5518, -218.3941, 951.9423, -13.2629
17475.2840, 939.8733, -195.7882, 960.0494, -11.7672
15199.1108, 951.8664, -174.7555, 967.7753, -10.4032
13219.4115, 962.8174, -155.4933, 975.2925, -9.1740
11497.5700, 969.8588, -138.3724, 979.6801, -8.1197
10000.0000, 977.2062, -122.3590, 984.8369, -7.1370
8697.4900, 982.9423, -107.9086, 988.8477, -6.2649
7564.6333, 987.1673, -95.1582, 991.7431, -5.5060
6579.3322, 991.2610, -82.5300, 994.6907, -4.7593
5722.3677, 994.7697, -72.5170, 997.4094, -4.1694
4977.0236, 994.9776, -63.7046, 997.0149, -3.6634
4328.7613, 995.8919, -54.8200, 997.3996, -3.1507
3764.9358, 997.3815, -47.1894, 998.4972, -2.7088
3274.5492, 998.5992, -39.9449, 999.3978, -2.2907
2848.0359, 1000.7930, -34.5567, 1001.3894, -1.9776
2477.0764, 1001.0949, -29.4703, 1001.5286, -1.6862
2154.4347, 1003.2309, -25.2073, 1003.5475, -1.4393
1873.8174, 1004.1087, -20.1924, 1004.3117, -1.1521
1629.7508, 1001.6666, -16.4912, 1001.8024, -0.9432
1417.4742, 999.6660, -13.1790, 999.7529, -0.7553
1232.8467, 997.0775, -11.4000, 997.1427, -0.6551
1072.2672, 995.8813, -8.7574, 995.9198, -0.5038
932.6033, 994.5560, -5.9670, 994.5739, -0.3437
811.1308, 992.7121, -4.3573, 992.7217, -0.2515
705.4802, 991.1924, -3.3250, 991.1980, -0.1922
613.5907, 990.1787, -3.8182, 990.1860, -0.2209
533.6699, 988.1437, -3.6258, 988.1503, -0.2102
464.1589, 986.7416, -3.8672, 986.7492, -0.2246
403.7017, 985.7201, -5.1220, 985.7334, -0.2977
351.1192, 984.5752, -6.4234, 984.5962, -0.3738
305.3856, 984.4616, -7.7465, 984.4921, -0.4508
265.6088, 983.5513, -10.3286, 983.6056, -0.6017
231.0130, 983.7695, -12.6271, 983.8506, -0.7354
200.9233, 984.2540, -14.9549, 984.3676, -0.8705
174.7528, 984.7667, -17.6180, 984.9243, -1.0249
151.9911, 986.0707, -20.1143, 986.2758, -1.1686
132.1941, 986.9815, -22.9891, 987.2492, -1.3343
114.9757, 988.4737, -25.7634, 988.8094, -1.4930
100.0000, 990.0773, -28.5634, 990.4892, -1.6525
86.9749, 991.4420, -31.5355, 991.9434, -1.8218
75.6463, 992.8970, -35.0608, 993.5158, -2.0224
65.7933, 994.3569, -38.2932, 995.0939, -2.2054
57.2237, 995.5801, -41.3770, 996.4395, -2.3799
49.7702, 996.0991, -46.4666, 997.1823, -2.6708
43.2876, 997.2759, -51.2969, 998.5943, -2.9445
37.6494, 998.0307, -57.1644, 999.6664, -3.2782
32.7455, 998.7535, -64.0600, 1000.8058, -3.6699
28.4804, 999.1856, -71.9698, 1001.7742, -4.1198
24.7708, 999.2988, -81.3981, 1002.6085, -4.6568
21.5443, 999.9408, -92.2733, 1004.1892, -5.2723
18.7382, 1000.0072, -104.7850, 1005.4821, -5.9819
16.2975, 1000.6583, -118.9603, 1007.7046, -6.7796
14.1747, 1001.1477, -136.3199, 1010.3860, -7.7539
12.3285, 1001.1903, -155.4016, 1013.1790, -8.8229
10.7227, 1001.7345, -178.4594, 1017.5067, -10.1013
9.3260, 1002.0669, -204.4691, 1022.7148, -11.5327
8.1113, 1002.8196, -234.1642, 1029.7961, -13.1434
7.0548, 1003.5649, -268.8306, 1038.9477, -14.9961
6.1359, 1005.3434, -309.0683, 1051.7788, -17.0888
5.3367, 1005.4899, -354.4086, 1066.1216, -19.4162
4.6416, 1006.9633, -407.2026, 1086.1809, -22.0178
4.0370, 1008.9415, -467.7559, 1112.0964, -24.8729
3.5112, 1012.8739, -538.4129, 1147.0841, -27.9937
3.0539, 1017.3187, -619.4984, 1191.0985, -31.3394
2.6561, 1021.3530, -713.1118, 1245.6686, -34.9229
2.3101, 1026.0210, -820.3656, 1313.6662, -38.6444
2.0092, 1031.1259, -945.3553, 1398.8986, -42.5152
1.7475, 1033.3586, -1084.3205, 1497.8588, -46.3786
1.5199, 1034.6988, -1247.2029, 1620.5298, -50.3204
1.3219, 1037.0584, -1434.0440, 1769.7379, -54.1267
1.1498, 1040.9321, -1645.7608, 1947.3234, -57.6869
1.0000, 1048.3650, -1889.7658, 2161.0839, -60.9803
