✅ Opened: Analog Discovery 3 (210415BD076B)
实际称重质量 (g):
  NaCl=24.1663, KCl=0.0000, Urea=0.0000
  Lac=0.0000, NH4Cl=0.0000, CaCl2=0.0000, Glu=0.0000
  Water=0.0000
目标体积 (mL):
  NaCl=25.0, KCl=0.0, Urea=0.0
  Lac=0.0, NH4Cl=0.0, CaCl2=0.0, Glu=0.0
  Water=0.0
--------------------------------------------------
1000000.0000, 24.5881, -88.4528, 91.8067, -74.4651
869749.0026, 551.5272, -1454.3187, 1555.3859, -69.2316
756463.3276, 174.9954, -46.6734, 181.1127, -14.9338
657933.2247, 220.5284, -120.2564, 251.1860, -28.6041
572236.7659, 184.4832, -330.7267, 378.7006, -60.8467
497702.3564, 17.6686, -18.2207, 25.3805, -45.8813
432876.1281, 23.8190, -21.8656, 32.3334, -42.5517
376493.5807, 83.8698, -219.4676, 234.9472, -69.0856
327454.9163, 102.7184, -242.5122, 263.3690, -67.0444
284803.5868, 112.9010, -272.4032, 294.8731, -67.4878
247707.6356, 143.0484, -307.5151, 339.1583, -65.0533
215443.4690, 172.6007, -332.5358, 374.6612, -62.5687
187381.7423, 205.4559, -366.8872, 420.4978, -60.7513
162975.0835, 258.0856, -395.5307, 472.2846, -56.8754
141747.4163, 303.1962, -421.8376, 519.4949, -54.2933
123284.6739, 358.1676, -445.7738, 571.8377, -51.2190
107226.7222, 420.5122, -452.4833, 617.7148, -47.0974
93260.3347, 481.0081, -457.1971, 663.6248, -43.5462
81113.0831, 544.1589, -462.2980, 714.0226, -40.3500
70548.0231, 603.5453, -445.4082, 750.1036, -36.4268
61359.0727, 657.6907, -434.3314, 788.1630, -33.4403
53366.9923, 713.0099, -412.9100, 823.9404, -30.0755
46415.8883, 761.9482, -383.2965, 852.9251, -26.7046
40370.1726, 799.9945, -354.5957, 875.0596, -23.9052
35111.9173, 833.4600, -324.3201, 894.3372, -21.2623
30538.5551, 861.7427, -294.3700, 910.6340, -18.8601
26560.8778, 887.1498, -267.3575, 926.5607, -16.7711
23101.2970, 906.8489, -240.3126, 938.1498, -14.8421
20092.3300, 923.0129, -215.1220, 947.7501, -13.1194
17475.2840, 935.8361, -193.0996, 955.5505, -11.6587
15199.1108, 948.1749, -172.0968, 963.6664, -10.2874
13219.4115, 956.7895, -153.2652, 968.9873, -9.1007
11497.5700, 965.2247, -135.8316, 974.7353, -8.0104
10000.0000, 970.6163, -119.7513, 977.9757, -7.0334
8697.4900, 977.0055, -106.3440, 982.7761, -6.2120
7564.6333, 980.6117, -93.9669, 985.1036, -5.4736
6579.3322, 984.8251, -82.8111, 988.3006, -4.8065
5722.3677, 987.8786, -72.5504, 990.5391, -4.2003
4977.0236, 990.0894, -63.5014, 992.1237, -3.6698
4328.7613, 991.5575, -54.7839, 993.0698, -3.1624
3764.9358, 994.1793, -48.1026, 995.3423, -2.7701
3274.5492, 995.9766, -42.7005, 996.8915, -2.4549
2848.0359, 997.9021, -35.9669, 998.5501, -2.0642
2477.0764, 997.1046, -31.6251, 997.6060, -1.8166
2154.4347, 997.3774, -28.2735, 997.7781, -1.6238
1873.8174, 996.4538, -23.9572, 996.7417, -1.3773
1629.7508, 994.0572, -20.2887, 994.2642, -1.1692
1417.4742, 992.3987, -17.9110, 992.5603, -1.0340
1232.8467, 991.9991, -16.0227, 992.1285, -0.9254
1072.2672, 991.5904, -13.9458, 991.6885, -0.8058
932.6033, 991.1764, -11.4677, 991.2427, -0.6629
811.1308, 990.7580, -10.2716, 990.8112, -0.5940
705.4802, 990.3767, -9.3632, 990.4210, -0.5417
613.5907, 990.7192, -9.1411, 990.7614, -0.5286
533.6699, 990.3316, -9.2092, 990.3744, -0.5328
464.1589, 990.4916, -8.9663, 990.5322, -0.5187
403.7017, 989.6727, -8.8413, 989.7122, -0.5118
351.1192, 989.4204, -9.3733, 989.4648, -0.5428
305.3856, 990.0186, -10.1290, 990.0704, -0.5862
265.6088, 989.9693, -10.7491, 990.0276, -0.6221
231.0130, 989.8980, -11.8343, 989.9687, -0.6849
200.9233, 990.3174, -12.9369, 990.4019, -0.7484
174.7528, 990.3115, -14.4646, 990.4171, -0.8368
151.9911, 990.8462, -16.1137, 990.9772, -0.9317
132.1941, 991.2263, -17.7119, 991.3845, -1.0237
114.9757, 991.8206, -19.8476, 992.0191, -1.1464
100.0000, 992.1346, -22.0152, 992.3789, -1.2712
86.9749, 991.5917, -25.9158, 991.9303, -1.4971
75.6463, 993.1130, -28.0053, 993.5078, -1.6153
65.7933, 993.0559, -31.8396, 993.5662, -1.8364
57.2237, 993.6286, -35.7986, 994.2733, -2.0634
49.7702, 993.4152, -39.7388, 994.2097, -2.2907
43.2876, 994.3012, -45.3836, 995.3364, -2.6134
37.6494, 994.9897, -51.3518, 996.3140, -2.9544
32.7455, 995.2960, -59.0022, 997.0433, -3.3926
28.4804, 995.4737, -67.0504, 997.7293, -3.8534
24.7708, 995.6333, -76.6865, 998.5823, -4.4044
21.5443, 995.3054, -87.0141, 999.1017, -4.9964
18.7382, 996.0233, -100.0092, 1001.0316, -5.7338
16.2975, 996.9997, -115.0729, 1003.6186, -6.5839
14.1747, 996.1074, -131.1518, 1004.7043, -7.5007
12.3285, 996.9597, -151.0413, 1008.3363, -8.6149
10.7227, 997.5861, -173.3420, 1012.5342, -9.8574
9.3260, 998.2172, -199.3422, 1017.9267, -11.2933
8.1113, 998.3450, -228.7165, 1024.2090, -12.9035
7.0548, 999.7586, -263.2818, 1033.8445, -14.7536
6.1359, 1000.5700, -302.2891, 1045.2364, -16.8105
5.3367, 1001.1216, -347.2467, 1059.6342, -19.1295
4.6416, 1003.5859, -399.4022, 1080.1420, -21.7013
4.0370, 1005.7911, -459.2839, 1105.6932, -24.5433
3.5112, 1005.6436, -525.5821, 1134.7050, -27.5930
3.0539, 1009.4372, -603.2447, 1175.9539, -30.8627
2.6561, 1015.4914, -694.9753, 1230.5338, -34.3867
2.3101, 1021.6508, -801.7325, 1298.6706, -38.1228
2.0092, 1027.4111, -923.8619, 1381.6998, -41.9623
1.7475, 1031.6097, -1064.1181, 1482.0816, -45.8887
1.5199, 1034.3333, -1223.7963, 1602.3491, -49.7960
1.3219, 1037.2236, -1407.7677, 1748.6116, -53.6177
1.1498, 1041.6760, -1616.3332, 1922.9201, -57.1995
1.0000, 1051.5672, -1859.6037, 2136.3332, -60.5127
