✅ Opened: Analog Discovery 3 (210415BD076B)
实际称重质量 (g):
  NaCl=0.0000, KCl=4.5711, Urea=0.0000
  Lac=8.8763, NH4Cl=12.7574, CaCl2=0.0000, Glu=0.0000
  Water=-2.8726
目标体积 (mL):
  NaCl=0.0, KCl=5.0, Urea=0.0
  Lac=5.0, NH4Cl=11.0, CaCl2=0.0, Glu=0.0
  Water=4.0
--------------------------------------------------
1000000.0000, 23.3546, -78.0865, 81.5042, -73.3488
869749.0026, 23.9638, -86.2846, 89.5506, -74.4784
756463.3276, 41.6840, -100.3549, 108.6676, -67.4437
657933.2247, 663.2660, -1613.8288, 1744.8109, -67.6579
572236.7659, 858.3307, -1494.8572, 1723.7546, -60.1360
497702.3564, 173.0123, -155.6824, 232.7450, -41.9820
432876.1281, 176.7721, -157.3346, 236.6486, -41.6704
376493.5807, 201.3185, -181.0521, 270.7563, -41.9660
327454.9163, 227.7396, -212.6454, 311.5821, -43.0370
284803.5868, 13.9159, -17.6047, 22.4406, -51.6749
247707.6356, 19.7081, -21.5937, 29.2352, -47.6140
215443.4690, 169.0158, -314.7119, 357.2253, -61.7620
187381.7423, 206.7539, -342.2524, 399.8548, -58.8639
162975.0835, 255.2246, -375.8908, 454.3496, -55.8240
141747.4163, 300.5341, -394.9949, 496.3282, -52.7341
123284.6739, 352.1538, -422.0860, 549.6989, -50.1612
107226.7222, 404.9574, -426.3783, 588.0382, -46.4760
93260.3347, 465.6832, -437.6288, 639.0460, -43.2211
81113.0831, 532.1171, -437.8810, 689.1214, -39.4511
70548.0231, 584.7147, -424.0912, 722.3189, -35.9532
61359.0727, 638.5242, -408.4054, 757.9631, -32.6033
53366.9923, 687.3564, -384.6237, 787.6510, -29.2301
46415.8883, 732.8666, -362.5520, 817.6413, -26.3218
40370.1726, 773.1540, -336.4122, 843.1727, -23.5147
35111.9173, 807.1641, -309.5833, 864.4974, -20.9840
30538.5551, 834.5558, -284.3233, 881.6593, -18.8134
26560.8778, 856.9100, -258.3442, 895.0064, -16.7772
23101.2970, 875.2413, -233.7443, 905.9160, -14.9526
20092.3300, 891.7069, -212.9116, 916.7729, -13.4290
17475.2840, 906.0176, -191.7264, 926.0815, -11.9483
15199.1108, 916.6805, -173.5989, 932.9736, -10.7236
13219.4115, 926.5839, -157.7288, 939.9129, -9.6606
11497.5700, 935.5699, -142.6679, 946.3854, -8.6704
10000.0000, 944.8737, -129.5387, 953.7120, -7.8064
8697.4900, 951.2888, -116.5668, 958.4040, -6.9859
7564.6333, 958.4069, -105.4601, 964.1917, -6.2794
6579.3322, 964.8826, -94.5918, 969.5081, -5.5991
5722.3677, 968.5367, -84.2671, 972.1956, -4.9725
4977.0236, 974.2692, -75.3215, 977.1765, -4.4208
4328.7613, 978.2687, -67.2559, 980.5779, -3.9329
3764.9358, 981.0984, -60.6085, 982.9687, -3.5350
3274.5492, 984.0097, -52.8766, 985.4293, -3.0759
2848.0359, 987.0669, -47.3576, 988.2023, -2.7468
2477.0764, 988.0285, -40.9302, 988.8760, -2.3722
2154.4347, 987.7277, -36.3565, 988.3966, -2.1080
1873.8174, 989.1533, -32.1501, 989.6756, -1.8616
1629.7508, 987.3956, -28.5623, 987.8086, -1.6569
1417.4742, 987.2190, -24.8390, 987.5314, -1.4413
1232.8467, 987.6959, -22.7976, 987.9590, -1.3222
1072.2672, 987.2287, -19.9764, 987.4308, -1.1592
932.6033, 987.3663, -17.5001, 987.5214, -1.0154
811.1308, 987.4966, -16.0401, 987.6269, -0.9306
705.4802, 987.0180, -14.3231, 987.1220, -0.8314
613.5907, 986.9673, -13.2418, 987.0561, -0.7687
533.6699, 985.8959, -12.2341, 985.9718, -0.7110
464.1589, 987.1573, -12.1934, 987.2326, -0.7077
403.7017, 987.9203, -10.9814, 987.9814, -0.6369
351.1192, 987.0113, -11.5291, 987.0786, -0.6692
305.3856, 987.1489, -11.4686, 987.2155, -0.6656
265.6088, 987.0767, -12.0232, 987.1499, -0.6979
231.0130, 987.4620, -12.1983, 987.5373, -0.7078
200.9233, 987.4528, -13.1618, 987.5405, -0.7637
174.7528, 987.3340, -13.8321, 987.4308, -0.8026
151.9911, 987.5085, -15.3371, 987.6276, -0.8898
132.1941, 987.5365, -16.7254, 987.6781, -0.9703
114.9757, 987.8754, -18.4235, 988.0472, -1.0684
100.0000, 987.8088, -20.6571, 988.0247, -1.1980
86.9749, 1032.9675, -9.8259, 1033.0142, -0.5450
75.6463, 987.4087, -26.1883, 987.7559, -1.5193
65.7933, 986.4763, -29.2075, 986.9085, -1.6959
57.2237, 987.6135, -36.2878, 988.2799, -2.1043
49.7702, 988.0413, -38.2632, 988.7820, -2.2177
43.2876, 988.4210, -43.2650, 989.3674, -2.5063
37.6494, 988.4464, -49.6424, 989.6922, -2.8751
32.7455, 988.1437, -56.8781, 989.7793, -3.2943
28.4804, 988.2402, -65.1962, 990.3885, -3.7744
24.7708, 990.4337, -87.2978, 994.2735, -5.0371
21.5443, 988.5289, -85.5652, 992.2252, -4.9471
18.7382, 988.7728, -98.2546, 993.6426, -5.6749
16.2975, 989.1039, -112.7787, 995.5127, -6.5048
14.1747, 989.0118, -129.6324, 997.4712, -7.4673
12.3285, 991.6265, -145.8444, 1002.2943, -8.3668
10.7227, 989.9470, -170.5439, 1004.5299, -9.7747
9.3260, 990.5781, -195.7623, 1009.7365, -11.1790
8.1113, 991.4557, -224.8587, 1016.6346, -12.7783
7.0548, 991.9514, -258.3721, 1025.0482, -14.5994
6.1359, 993.3783, -296.7408, 1036.7524, -16.6319
5.3367, 994.7265, -341.0758, 1051.5766, -18.9260
4.6416, 996.6755, -392.2385, 1071.0803, -21.4820
4.0370, 999.4318, -450.7480, 1096.3748, -24.2756
3.5112, 1003.8066, -518.4048, 1129.7660, -27.3136
3.0539, 1009.3977, -596.3975, 1172.4222, -30.5765
2.6561, 1016.5621, -686.3306, 1226.5595, -34.0252
2.3101, 1024.2403, -788.9281, 1292.8556, -37.6055
2.0092, 1033.2905, -908.6134, 1375.9606, -41.3265
1.7475, 1042.0859, -1044.0588, 1475.1277, -45.0542
1.5199, 1050.9714, -1199.0154, 1594.4212, -48.7645
1.3219, 1061.6463, -1376.3011, 1738.1880, -52.3543
1.1498, 1076.5245, -1584.2528, 1915.4012, -55.8033
1.0000, 1097.0944, -1823.7584, 2128.3117, -58.9707
