✅ Opened: Analog Discovery 3 (210415BD076B)
实际称重质量 (g):
  NaCl=2.8404, KCl=0.0000, Urea=6.4504
  Lac=0.0000, NH4Cl=0.0000, CaCl2=0.0000, Glu=0.0000
  Water=0.8396
目标体积 (mL):
  NaCl=3.0, KCl=0.0, Urea=7.0
  Lac=0.0, NH4Cl=0.0, CaCl2=12.0, Glu=0.0
  Water=3.0
--------------------------------------------------
1000000.0000, 23.5400, -93.5024, 96.4201, -75.8690
869749.0026, 30.0221, -103.9046, 108.1549, -73.8839
756463.3276, 26.7406, -125.7133, 128.5259, -77.9915
657933.2247, 415.7938, -1714.2990, 1764.0027, -76.3665
572236.7659, 399.3130, -2044.8887, 2083.5116, -78.9507
497702.3564, 225.8834, -198.8460, 300.9370, -41.3576
432876.1281, 299.0489, -272.5187, 404.5945, -42.3424
376493.5807, 262.1001, -265.0654, 372.7682, -45.3223
327454.9163, 288.5384, -313.0777, 425.7605, -47.3357
284803.5868, 19.3114, -24.7564, 31.3976, -52.0438
247707.6356, 24.6846, -26.7721, 36.4153, -47.3231
215443.4690, 173.2874, -341.1859, 382.6700, -63.0741
187381.7423, 209.6771, -366.4765, 422.2198, -60.2242
162975.0835, 257.2466, -394.3220, 470.8138, -56.8805
141747.4163, 308.3848, -422.4736, 523.0537, -53.8724
123284.6739, 364.9155, -439.8113, 571.4869, -50.3172
107226.7222, 429.0682, -459.5093, 628.6877, -46.9621
93260.3347, 489.4725, -466.8588, 676.4174, -43.6454
81113.0831, 545.5165, -457.3527, 711.8706, -39.9760
70548.0231, 610.7814, -447.8322, 757.3689, -36.2493
61359.0727, 668.8687, -435.4885, 798.1451, -33.0674
53366.9923, 721.1687, -409.9232, 829.5308, -29.6146
46415.8883, 771.7732, -386.3051, 863.0560, -26.5899
40370.1726, 812.1195, -356.7779, 887.0335, -23.7167
35111.9173, 848.3489, -326.5421, 909.0245, -21.0525
30538.5551, 875.7029, -296.5913, 924.5658, -18.7107
26560.8778, 900.2856, -267.8841, 939.2955, -16.5706
23101.2970, 919.2671, -240.3973, 950.1805, -14.6552
20092.3300, 936.3158, -214.5094, 960.5735, -12.9038
17475.2840, 948.6856, -192.0034, 967.9203, -11.4415
15199.1108, 959.0553, -170.4205, 974.0792, -10.0761
13219.4115, 968.0469, -150.3189, 979.6482, -8.8264
11497.5700, 974.7804, -132.8965, 983.7979, -7.7635
10000.0000, 981.0842, -117.8776, 988.1404, -6.8513
8697.4900, 985.2973, -103.2276, 990.6900, -5.9809
7564.6333, 989.8666, -90.1085, 993.9595, -5.2014
6579.3322, 993.0062, -78.3626, 996.0933, -4.5121
5722.3677, 995.6047, -68.4206, 997.9530, -3.9313
4977.0236, 997.8480, -59.3856, 999.6136, -3.4059
4328.7613, 999.1003, -51.8217, 1000.4434, -2.9692
3764.9358, 1000.8439, -44.6645, 1001.8400, -2.5552
3274.5492, 1000.7550, -37.9448, 1001.4741, -2.1714
2848.0359, 1002.0511, -32.2918, 1002.5713, -1.8458
2477.0764, 1000.4972, -27.4599, 1000.8740, -1.5722
2154.4347, 999.4506, -23.3952, 999.7244, -1.3409
1873.8174, 998.9856, -17.6824, 999.1421, -1.0140
1629.7508, 996.7673, -14.4666, 996.8723, -0.8315
1417.4742, 995.5355, -11.1541, 995.5980, -0.6419
1232.8467, 994.2190, -9.6804, 994.2661, -0.5579
1072.2672, 992.8671, -7.5046, 992.8955, -0.4331
932.6033, 991.9126, -4.8727, 991.9246, -0.2815
811.1308, 990.1626, -2.7288, 990.1663, -0.1579
705.4802, 988.5652, -2.3631, 988.5681, -0.1370
613.5907, 986.5277, -1.4096, 986.5287, -0.0819
533.6699, 984.5935, -1.8993, 984.5954, -0.1105
464.1589, 983.1029, -2.4770, 983.1060, -0.1444
403.7017, 981.2870, -4.2933, 981.2964, -0.2507
351.1192, 980.7666, -5.8429, 980.7840, -0.3413
305.3856, 979.8036, -7.7204, 979.8340, -0.4515
265.6088, 979.4708, -10.2314, 979.5242, -0.5985
231.0130, 979.7245, -12.6078, 979.8056, -0.7373
200.9233, 980.3799, -15.1984, 980.4977, -0.8882
174.7528, 980.9149, -18.0070, 981.0802, -1.0517
151.9911, 981.6658, -20.9239, 981.8887, -1.2211
132.1941, 983.0981, -23.6931, 983.3836, -1.3806
114.9757, 984.9897, -26.9613, 985.3586, -1.5679
100.0000, 986.6026, -29.4740, 987.0428, -1.7112
86.9749, 988.3688, -32.3934, 988.8995, -1.8772
75.6463, 989.9860, -35.7246, 990.6303, -2.0667
65.7933, 991.1365, -38.7167, 991.8924, -2.2370
57.2237, 992.3131, -43.3923, 993.2614, -2.5039
49.7702, 994.3416, -47.5933, 995.4799, -2.7403
43.2876, 995.2380, -52.2616, 996.6093, -3.0059
37.6494, 996.3102, -58.0116, 997.9977, -3.3324
32.7455, 997.4388, -64.8409, 999.5442, -3.7194
28.4804, 997.6832, -72.5066, 1000.3145, -4.1567
24.7708, 998.2383, -82.1279, 1001.6110, -4.7033
21.5443, 998.5906, -92.6654, 1002.8809, -5.3016
18.7382, 999.1239, -105.2950, 1004.6569, -6.0160
16.2975, 999.4214, -119.6607, 1006.5594, -6.8275
14.1747, 999.7501, -136.6555, 1009.0466, -7.7835
12.3285, 1000.3993, -156.1321, 1012.5098, -8.8706
10.7227, 1000.7620, -178.3088, 1016.5228, -10.1025
9.3260, 1001.0760, -204.3926, 1021.7287, -11.5396
8.1113, 1001.2351, -233.6809, 1028.1432, -13.1372
7.0548, 1002.2032, -268.4565, 1037.5356, -14.9956
6.1359, 1003.4553, -308.7246, 1049.8731, -17.1011
5.3367, 1004.0599, -353.8399, 1064.5840, -19.4129
4.6416, 1004.8155, -406.1063, 1083.7788, -22.0066
4.0370, 1006.1556, -466.2013, 1108.9151, -24.8606
3.5112, 1007.6108, -534.5280, 1140.6138, -27.9455
3.0539, 1014.7041, -617.1875, 1187.6636, -31.3098
2.6561, 1018.9598, -711.5673, 1242.8223, -34.9276
2.3101, 1024.0985, -819.1577, 1311.4103, -38.6557
2.0092, 1026.1590, -940.1920, 1391.7483, -42.4967
1.7475, 1029.9101, -1084.6257, 1495.7031, -46.4823
1.5199, 1030.8772, -1245.4854, 1616.7689, -50.3857
1.3219, 1032.4086, -1431.8882, 1765.2681, -54.2079
1.1498, 1033.0903, -1648.5544, 1945.5095, -57.9261
1.0000, 1036.7440, -1897.3710, 2162.1412, -61.3473
