✅ Opened: Analog Discovery 3 (210415BD076B)
实际称重质量 (g):
  NaCl=1.3289, KCl=3.5422, Urea=0.0000
  Lac=8.1304, NH4Cl=0.0000, CaCl2=5.8089, Glu=0.0000
  Water=2.4493
目标体积 (mL):
  NaCl=3.0, KCl=4.0, Urea=0.0
  Lac=6.0, NH4Cl=0.0, CaCl2=3.0, Glu=0.0
  Water=9.0
--------------------------------------------------
1000000.0000, 26.5244, -79.0341, 83.3663, -71.4478
869749.0026, 1182.9452, -229.0437, 1204.9151, -10.9581
756463.3276, 505.5404, -1231.8320, 1331.5333, -67.6869
657933.2247, 137.0239, -133.7197, 191.4589, -44.3008
572236.7659, 195.8419, -103.4205, 221.4720, -27.8377
497702.3564, 14.4953, -12.0653, 18.8596, -39.7728
432876.1281, 64.1796, -179.5127, 190.6405, -70.3270
376493.5807, 79.5221, -205.0239, 219.9058, -68.8004
327454.9163, 96.2489, -229.2820, 248.6646, -67.2281
284803.5868, 125.0476, -257.8807, 286.5997, -64.1310
247707.6356, 143.0761, -282.1195, 316.3261, -63.1083
215443.4690, 173.6469, -313.8248, 358.6632, -61.0432
187381.7423, 214.9600, -340.5968, 402.7580, -57.7428
162975.0835, 251.2108, -372.6784, 449.4397, -56.0173
141747.4163, 302.4830, -397.0820, 499.1694, -52.7011
123284.6739, 354.5935, -406.1046, 539.1266, -48.8739
107226.7222, 408.4609, -424.5759, 589.1562, -46.1082
93260.3347, 467.1332, -427.4859, 633.2121, -42.4625
81113.0831, 528.4170, -424.9960, 678.1195, -38.8091
70548.0231, 578.2037, -419.2883, 714.2284, -35.9480
61359.0727, 632.9181, -400.7411, 749.1186, -32.3405
53366.9923, 679.9573, -380.3720, 779.1180, -29.2229
46415.8883, 723.5834, -360.5464, 808.4347, -26.4861
40370.1726, 759.3722, -338.9105, 831.5686, -24.0514
35111.9173, 793.9022, -315.5019, 854.2963, -21.6732
30538.5551, 823.2973, -291.5489, 873.3952, -19.5002
26560.8778, 848.9878, -268.1687, 890.3341, -17.5297
23101.2970, 871.0590, -246.5999, 905.2929, -15.8070
20092.3300, 890.3891, -225.0184, 918.3823, -14.1828
17475.2840, 906.7798, -204.6439, 929.5852, -12.7176
15199.1108, 921.2682, -184.6420, 939.5891, -11.3332
13219.4115, 934.4584, -166.9825, 949.2605, -10.1315
11497.5700, 944.9520, -149.8768, 956.7640, -9.0125
10000.0000, 953.8506, -133.8741, 963.1994, -7.9893
8697.4900, 961.4653, -119.5939, 968.8747, -7.0904
7564.6333, 967.8729, -105.6084, 973.6175, -6.2271
6579.3322, 972.9792, -93.2860, 977.4410, -5.4766
5722.3677, 977.3140, -82.5636, 980.7953, -4.8289
4977.0236, 980.8481, -73.0071, 983.5614, -4.2568
4328.7613, 983.3516, -64.1790, 985.4437, -3.7341
3764.9358, 986.2496, -56.1878, 987.8489, -3.2607
3274.5492, 988.2824, -49.4583, 989.5192, -2.8650
2848.0359, 989.6582, -42.9677, 990.5905, -2.4860
2477.0764, 989.9798, -38.3092, 990.7207, -2.2161
2154.4347, 990.0623, -33.0923, 990.6152, -1.9144
1873.8174, 989.6832, -29.6221, 990.1264, -1.7144
1629.7508, 989.3541, -25.5093, 989.6829, -1.4770
1417.4742, 988.6378, -22.1550, 988.8860, -1.2838
1232.8467, 987.4328, -20.4254, 987.6441, -1.1850
1072.2672, 987.1605, -18.5551, 987.3348, -1.0768
932.6033, 987.2142, -16.0872, 987.3453, -0.9336
811.1308, 987.4214, -14.6020, 987.5294, -0.8472
705.4802, 987.3460, -13.4226, 987.4372, -0.7789
613.5907, 987.1161, -12.1233, 987.1906, -0.7036
533.6699, 987.8643, -11.0870, 987.9265, -0.6430
464.1589, 986.7350, -11.0843, 986.7973, -0.6436
403.7017, 986.9236, -11.1261, 986.9864, -0.6459
351.1192, 987.1999, -10.9459, 987.2606, -0.6353
305.3856, 986.9841, -11.4183, 987.0501, -0.6628
265.6088, 987.0437, -11.6299, 987.1122, -0.6751
231.0130, 987.4149, -12.2200, 987.4905, -0.7090
200.9233, 987.5854, -13.0130, 987.6711, -0.7549
174.7528, 987.5622, -13.7050, 987.6573, -0.7951
151.9911, 987.7888, -14.9842, 987.9024, -0.8691
132.1941, 988.0122, -16.4340, 988.1488, -0.9529
114.9757, 987.8836, -18.3195, 988.0534, -1.0624
100.0000, 987.7575, -20.5856, 987.9720, -1.1939
86.9749, 987.9559, -22.8197, 988.2194, -1.3232
75.6463, 987.9431, -25.8631, 988.2816, -1.4996
65.7933, 987.5781, -29.0713, 988.0058, -1.6861
57.2237, 987.6960, -34.2929, 988.2911, -1.9885
49.7702, 988.2246, -37.8873, 988.9506, -2.1956
43.2876, 988.2478, -42.9121, 989.1791, -2.4864
37.6494, 988.5193, -49.3740, 989.7516, -2.8594
32.7455, 988.5833, -56.5839, 990.2013, -3.2759
28.4804, 988.3340, -65.0039, 990.4694, -3.7630
24.7708, 988.4369, -74.0808, 991.2091, -4.2862
21.5443, 988.5619, -85.0727, 992.2157, -4.9186
18.7382, 988.9616, -97.6948, 993.7753, -5.6417
16.2975, 988.9994, -112.2246, 995.3462, -6.4738
14.1747, 989.4965, -128.7969, 997.8437, -7.4162
12.3285, 989.8620, -147.9673, 1000.8602, -8.5018
10.7227, 990.1285, -169.8522, 1004.5915, -9.7341
9.3260, 990.8147, -194.9827, 1009.8179, -11.1330
8.1113, 991.5970, -223.8624, 1016.5525, -12.7218
7.0548, 992.5949, -257.1792, 1025.3711, -14.5258
6.1359, 993.6217, -295.7991, 1036.7166, -16.5782
5.3367, 995.1529, -339.8436, 1051.5811, -18.8550
4.6416, 997.2637, -390.8110, 1071.1061, -21.3994
4.0370, 999.6906, -448.7411, 1095.7874, -24.1744
3.5112, 1003.9756, -516.0606, 1128.8426, -27.2039
3.0539, 1009.7596, -593.9209, 1171.4761, -30.4632
2.6561, 1016.3579, -683.6880, 1224.9133, -33.9281
2.3101, 1025.0405, -787.0258, 1292.3303, -37.5170
2.0092, 1033.6175, -906.1278, 1374.5664, -41.2396
1.7475, 1042.2251, -1042.3107, 1473.9894, -45.0024
1.5199, 1051.4919, -1197.5686, 1593.6768, -48.7161
1.3219, 1061.7733, -1376.6712, 1738.5586, -52.3584
1.1498, 1077.1058, -1583.5770, 1915.1692, -55.7775
1.0000, 1097.0472, -1821.6332, 2126.4666, -58.9423
