✅ Opened: Analog Discovery 3 (210415BD076B)
实际称重质量 (g):
  NaCl=0.0000, KCl=3.7133, Urea=9.6774
  Lac=0.0000, NH4Cl=0.0000, CaCl2=7.2148, Glu=0.0000
  Water=1.9181
目标体积 (mL):
  NaCl=0.0, KCl=4.0, Urea=10.0
  Lac=0.0, NH4Cl=0.0, CaCl2=4.0, Glu=0.0
  Water=7.0
--------------------------------------------------
1000000.0000, 24.6100, -87.2215, 90.6269, -74.2433
869749.0026, 25.8302, -95.6911, 99.1160, -74.8940
756463.3276, 33.7136, -116.0498, 120.8477, -73.8009
657933.2247, 1615.0527, -971.9070, 1884.9399, -31.0387
572236.7659, 1048.7184, -1774.2397, 2061.0038, -59.4135
497702.3564, 234.8567, -253.7493, 345.7548, -47.2143
432876.1281, 219.0154, -398.3522, 454.5901, -61.1979
376493.5807, 262.8228, -286.7340, 388.9630, -47.4914
327454.9163, 309.8452, -367.6161, 480.7761, -49.8741
284803.5868, 22.3683, -29.0141, 36.6355, -52.3697
247707.6356, 28.2375, -31.7195, 42.4675, -48.3237
215443.4690, 170.6073, -337.4706, 378.1445, -63.1812
187381.7423, 209.2942, -358.8765, 415.4472, -59.7496
162975.0835, 248.9675, -388.8164, 461.6958, -57.3677
141747.4163, 303.4105, -420.5356, 518.5635, -54.1901
123284.6739, 357.6537, -434.4231, 562.7074, -50.5359
107226.7222, 420.6041, -454.8286, 619.4973, -47.2388
93260.3347, 484.3574, -460.8815, 668.5910, -43.5773
81113.0831, 544.6581, -458.2326, 711.7792, -40.0746
70548.0231, 606.2485, -449.2702, 754.5734, -36.5409
61359.0727, 658.2086, -436.3387, 789.7025, -33.5411
53366.9923, 713.5348, -409.6836, 822.7835, -29.8627
46415.8883, 758.8295, -383.7208, 850.3316, -26.8246
40370.1726, 799.5048, -354.2250, 874.4617, -23.8960
35111.9173, 834.3024, -325.4234, 895.5227, -21.3085
30538.5551, 861.8045, -296.1659, 911.2745, -18.9657
26560.8778, 885.8333, -266.9648, 925.1869, -16.7713
23101.2970, 904.3602, -241.4037, 936.0251, -14.9457
20092.3300, 921.0715, -216.1500, 946.0938, -13.2068
17475.2840, 934.8221, -193.1584, 954.5693, -11.6745
15199.1108, 945.7691, -172.1620, 961.3110, -10.3168
13219.4115, 954.8773, -153.0069, 967.0583, -9.1035
11497.5700, 962.8436, -136.5621, 972.4798, -8.0725
10000.0000, 969.0705, -120.7796, 976.5682, -7.1044
8697.4900, 974.8986, -107.1507, 980.7694, -6.2722
7564.6333, 979.5386, -93.8633, 984.0255, -5.4736
6579.3322, 982.9185, -83.3397, 986.4453, -4.8464
5722.3677, 985.7229, -73.4167, 988.4532, -4.2595
4977.0236, 988.7169, -64.0607, 990.7900, -3.7071
4328.7613, 990.9569, -56.6128, 992.5727, -3.2697
3764.9358, 992.7096, -49.6575, 993.9508, -2.8637
3274.5492, 993.7748, -43.2352, 994.7148, -2.4911
2848.0359, 994.9070, -36.4359, 995.5740, -2.0974
2477.0764, 994.1254, -32.3889, 994.6529, -1.8661
2154.4347, 994.1453, -28.8591, 994.5641, -1.6628
1873.8174, 993.3480, -24.5025, 993.6502, -1.4130
1629.7508, 991.9174, -20.9304, 992.1382, -1.2088
1417.4742, 991.2005, -18.6254, 991.3755, -1.0765
1232.8467, 990.6299, -16.1094, 990.7608, -0.9316
1072.2672, 990.6311, -14.5265, 990.7376, -0.8401
932.6033, 989.9720, -12.5651, 990.0517, -0.7272
811.1308, 990.0139, -11.2448, 990.0777, -0.6507
705.4802, 989.4389, -9.6589, 989.4861, -0.5593
613.5907, 989.1545, -8.9410, 989.1949, -0.5179
533.6699, 989.0276, -8.5175, 989.0643, -0.4934
464.1589, 987.9988, -8.4875, 988.0353, -0.4922
403.7017, 989.3488, -9.4009, 989.3934, -0.5444
351.1192, 989.3740, -9.7856, 989.4224, -0.5667
305.3856, 989.6800, -10.1133, 989.7317, -0.5855
265.6088, 989.8245, -10.8638, 989.8841, -0.6288
231.0130, 989.7444, -11.9012, 989.8160, -0.6889
200.9233, 989.8195, -13.1609, 989.9070, -0.7618
174.7528, 990.0982, -14.2741, 990.2011, -0.8260
151.9911, 989.5321, -16.0650, 989.6625, -0.9301
132.1941, 990.3191, -17.7461, 990.4781, -1.0266
114.9757, 991.1123, -19.4958, 991.3041, -1.1269
100.0000, 991.3045, -21.8333, 991.5449, -1.2617
86.9749, 990.7723, -24.7024, 991.0802, -1.4282
75.6463, 992.2379, -27.3098, 992.6137, -1.5766
65.7933, 992.2606, -30.6335, 992.7333, -1.7683
57.2237, 991.5384, -34.9039, 992.1525, -2.0161
49.7702, 992.7097, -39.5487, 993.4972, -2.2814
43.2876, 993.0154, -45.1252, 994.0402, -2.6019
37.6494, 992.8241, -51.4002, 994.1537, -2.9637
32.7455, 992.8484, -58.8391, 994.5904, -3.3916
28.4804, 992.7705, -66.7591, 995.0126, -3.8471
24.7708, 993.2916, -76.6001, 996.2408, -4.4098
21.5443, 993.6898, -87.5298, 997.5374, -5.0339
18.7382, 993.4654, -100.1030, 998.4959, -5.7538
16.2975, 993.3395, -114.8676, 999.9590, -6.5963
14.1747, 994.1615, -132.2658, 1002.9213, -7.5783
12.3285, 994.2082, -151.4856, 1005.6827, -8.6634
10.7227, 994.1031, -173.9699, 1009.2109, -9.9264
9.3260, 995.2586, -199.7456, 1015.1049, -11.3483
8.1113, 996.2659, -229.5423, 1022.3676, -12.9747
7.0548, 997.1937, -263.9296, 1031.5300, -14.8247
6.1359, 998.2347, -303.3603, 1043.3120, -16.9039
5.3367, 999.2031, -348.3371, 1058.1803, -19.2193
4.6416, 1000.1013, -400.2267, 1077.2112, -21.8106
4.0370, 1002.1914, -459.8759, 1102.6665, -24.6490
3.5112, 1006.6635, -529.6461, 1137.4957, -27.7507
3.0539, 1010.9403, -609.3865, 1180.4034, -31.0812
2.6561, 1014.7867, -701.2573, 1233.5128, -34.6460
2.3101, 1020.1049, -806.0892, 1300.1515, -38.3159
2.0092, 1025.7383, -928.1207, 1383.3102, -42.1398
1.7475, 1030.5403, -1067.3393, 1483.6531, -46.0049
1.5199, 1033.7865, -1227.7728, 1605.0360, -49.9026
1.3219, 1038.8106, -1412.0341, 1752.9882, -53.6587
1.1498, 1043.4579, -1622.9520, 1929.4501, -57.2615
1.0000, 1051.3488, -1873.0848, 2147.9714, -60.6948
