✅ Opened: Analog Discovery 3 (210415BD076B)
实际称重质量 (g):
  NaCl=0.0000, KCl=6.2437, Urea=0.0000
  Lac=32.4426, NH4Cl=0.0000, CaCl2=0.0000, Glu=0.0000
  Water=0.0000
目标体积 (mL):
  NaCl=0.0, KCl=7.0, Urea=0.0
  Lac=18.0, NH4Cl=0.0, CaCl2=0.0, Glu=0.0
  Water=0.0
--------------------------------------------------
1000000.0000, 25.2066, -79.1405, 83.0578, -72.3331
869749.0026, 1126.1250, -702.3372, 1327.1907, -31.9508
756463.3276, 643.0938, -189.4418, 670.4162, -16.4139
657933.2247, 179.5098, -44.3712, 184.9123, -13.8841
572236.7659, 87.9530, -118.0878, 147.2429, -53.3209
497702.3564, 12.2876, -6.9183, 14.1013, -29.3810
432876.1281, 76.5936, -171.8667, 188.1615, -65.9795
376493.5807, 74.8628, -211.2345, 224.1081, -70.4854
327454.9163, 94.3650, -231.6696, 250.1510, -67.8377
284803.5868, 124.1087, -257.6037, 285.9416, -64.2761
247707.6356, 142.2192, -288.9927, 322.0918, -63.7973
215443.4690, 175.3680, -314.8885, 360.4285, -60.8857
187381.7423, 215.4330, -343.4412, 405.4174, -57.9009
162975.0835, 254.8758, -376.0463, 454.2824, -55.8715
141747.4163, 302.9599, -400.4366, 502.1297, -52.8898
123284.6739, 350.2727, -419.4601, 546.4776, -50.1362
107226.7222, 411.6012, -431.3236, 596.2009, -46.3403
93260.3347, 466.9690, -433.9114, 637.4474, -42.8985
81113.0831, 529.6171, -431.8444, 683.3621, -39.1935
70548.0231, 585.2549, -422.7039, 721.9431, -35.8389
61359.0727, 637.3030, -406.8427, 756.0927, -32.5534
53366.9923, 688.8212, -384.1049, 788.6769, -29.1452
46415.8883, 734.0499, -362.0860, 818.4959, -26.2558
40370.1726, 772.0923, -337.0112, 842.4388, -23.5808
35111.9173, 805.7940, -311.3495, 863.8533, -21.1260
30538.5551, 832.6329, -284.7083, 879.9638, -18.8775
26560.8778, 855.8231, -258.9952, 894.1542, -16.8372
23101.2970, 874.9982, -236.3157, 906.3481, -15.1136
20092.3300, 891.2183, -213.3281, 916.3945, -13.4614
17475.2840, 904.5350, -194.5767, 925.2263, -12.1400
15199.1108, 917.7628, -175.8355, 934.4553, -10.8459
13219.4115, 928.1365, -159.9572, 941.8194, -9.7784
11497.5700, 938.5573, -144.5793, 949.6278, -8.7572
10000.0000, 946.6189, -130.4509, 955.5651, -7.8464
8697.4900, 954.0664, -117.9265, 961.3269, -7.0463
7564.6333, 960.8463, -105.9651, 966.6717, -6.2933
6579.3322, 966.7641, -95.0240, 971.4229, -5.6136
5722.3677, 972.0158, -84.7312, 975.7019, -4.9819
4977.0236, 976.6873, -74.9209, 979.5567, -4.3865
4328.7613, 979.7614, -66.9217, 982.0442, -3.9075
3764.9358, 983.1964, -58.5708, 984.9395, -3.4092
3274.5492, 985.5409, -52.1074, 986.9174, -3.0265
2848.0359, 987.7524, -46.1017, 988.8277, -2.6722
2477.0764, 988.3943, -40.2764, 989.2146, -2.3335
2154.4347, 988.3307, -36.0039, 988.9862, -2.0863
1873.8174, 988.0255, -31.7539, 988.5357, -1.8408
1629.7508, 987.6458, -27.7866, 988.0366, -1.6115
1417.4742, 987.0739, -24.7489, 987.3841, -1.4363
1232.8467, 987.0351, -22.0360, 987.2810, -1.2789
1072.2672, 987.2449, -19.5795, 987.4391, -1.1362
932.6033, 987.4711, -17.0875, 987.6189, -0.9914
811.1308, 987.4683, -15.2650, 987.5863, -0.8856
705.4802, 987.2214, -14.0884, 987.3219, -0.8176
613.5907, 987.3287, -13.0031, 987.4143, -0.7545
533.6699, 987.5739, -13.3195, 987.6637, -0.7727
464.1589, 987.4378, -11.4077, 987.5037, -0.6619
403.7017, 987.0886, -11.2650, 987.1529, -0.6539
351.1192, 987.2983, -11.4429, 987.3646, -0.6640
305.3856, 987.1173, -11.9522, 987.1896, -0.6937
265.6088, 987.4765, -11.8574, 987.5477, -0.6880
231.0130, 987.4681, -12.4823, 987.5470, -0.7242
200.9233, 987.5943, -13.2757, 987.6835, -0.7701
174.7528, 987.6121, -13.9380, 987.7104, -0.8086
151.9911, 987.6159, -15.1466, 987.7320, -0.8787
132.1941, 987.6764, -16.4190, 987.8129, -0.9524
114.9757, 987.9757, -18.2123, 988.1435, -1.0561
100.0000, 988.1062, -20.5928, 988.3208, -1.1939
86.9749, 987.6037, -23.1055, 987.8740, -1.3402
75.6463, 987.5955, -26.2452, 987.9442, -1.5223
65.7933, 986.7498, -29.7244, 987.1974, -1.7254
57.2237, 988.2785, -35.9400, 988.9318, -2.0827
49.7702, 987.9069, -38.0359, 988.6389, -2.2049
43.2876, 988.3441, -43.2198, 989.2887, -2.5039
37.6494, 988.2584, -49.7353, 989.5091, -2.8810
32.7455, 988.3372, -57.1094, 989.9858, -3.3071
28.4804, 988.3008, -65.3192, 990.4570, -3.7813
24.7708, 988.5854, -74.7144, 991.4047, -4.3220
21.5443, 988.3885, -85.8488, 992.1098, -4.9641
18.7382, 988.9305, -98.4683, 993.8207, -5.6862
16.2975, 989.0977, -113.0079, 995.5325, -6.5180
14.1747, 989.3428, -129.5668, 997.7910, -7.4611
12.3285, 989.7857, -148.7469, 1000.9003, -8.5466
10.7227, 990.2550, -170.9949, 1004.9100, -9.7971
9.3260, 990.8853, -196.1375, 1010.1107, -11.1965
8.1113, 991.3767, -225.4377, 1016.6858, -12.8111
7.0548, 992.7502, -258.7038, 1025.9048, -14.6060
6.1359, 993.4955, -297.3587, 1037.0418, -16.6627
5.3367, 995.0521, -341.7603, 1052.1068, -18.9555
4.6416, 996.9442, -393.2030, 1071.6839, -21.5247
4.0370, 999.5004, -451.6900, 1096.8249, -24.3190
3.5112, 1003.7503, -519.4590, 1130.2001, -27.3624
3.0539, 1009.7036, -598.0133, 1173.5081, -30.6368
2.6561, 1016.6103, -688.2112, 1227.6527, -34.0967
2.3101, 1024.5414, -791.8559, 1294.8826, -37.7000
2.0092, 1033.5765, -911.8103, 1378.2882, -41.4184
1.7475, 1041.7881, -1049.0948, 1478.4865, -45.2002
1.5199, 1051.2544, -1205.8507, 1599.7536, -48.9182
1.3219, 1062.1631, -1384.7888, 1745.2308, -52.5110
1.1498, 1076.9845, -1591.8618, 1921.9573, -55.9194
1.0000, 1097.0226, -1831.8034, 2135.1726, -59.0836
