✅ Opened: Analog Discovery 3 (210415BD076B)
实际称重质量 (g):
  NaCl=3.6315, KCl=2.6233, Urea=2.7441
  Lac=0.0000, NH4Cl=3.2148, CaCl2=0.0000, Glu=0.0000
  Water=1.9770
目标体积 (mL):
  NaCl=4.0, KCl=3.0, Urea=3.0
  Lac=0.0, NH4Cl=3.0, CaCl2=0.0, Glu=0.0
  Water=7.0
--------------------------------------------------
1000000.0000, 23.4575, -78.8567, 82.2717, -73.4339
869749.0026, 24.2201, -95.1981, 98.2308, -75.7258
756463.3276, 733.2722, -1048.3147, 1279.3169, -55.0281
657933.2247, 174.1007, -98.8131, 200.1877, -29.5776
572236.7659, 134.0461, -198.5428, 239.5571, -55.9748
497702.3564, 13.7217, -12.4612, 18.5355, -42.2437
432876.1281, 66.4817, -165.4872, 178.3419, -68.1130
376493.5807, 84.2340, -206.1251, 222.6722, -67.7724
327454.9163, 95.3793, -221.1656, 240.8556, -66.6715
284803.5868, 121.1536, -259.2358, 286.1492, -64.9510
247707.6356, 140.6579, -281.1304, 314.3548, -63.4198
215443.4690, 168.0784, -313.4187, 355.6426, -61.7965
187381.7423, 211.2243, -342.3346, 402.2545, -58.3249
162975.0835, 251.2875, -373.8275, 450.4358, -56.0909
141747.4163, 299.7897, -393.1992, 494.4486, -52.6768
123284.6739, 348.3880, -415.8863, 542.5270, -50.0471
107226.7222, 405.6922, -423.6883, 586.5986, -46.2430
93260.3347, 464.8981, -429.5767, 632.9821, -42.7387
81113.0831, 526.2413, -431.5430, 680.5581, -39.3534
70548.0231, 584.7711, -417.9009, 718.7478, -35.5511
61359.0727, 634.5235, -401.2294, 750.7364, -32.3065
53366.9923, 684.9752, -383.2412, 784.8980, -29.2269
46415.8883, 727.4718, -360.6223, 811.9505, -26.3685
40370.1726, 768.5517, -335.1679, 838.4565, -23.5622
35111.9173, 801.7450, -309.2668, 859.3259, -21.0937
30538.5551, 827.5672, -282.6599, 874.5079, -18.8579
26560.8778, 849.8334, -256.7517, 887.7715, -16.8106
23101.2970, 869.8983, -233.7883, 900.7664, -15.0430
20092.3300, 885.2428, -210.5406, 909.9352, -13.3783
17475.2840, 898.8281, -191.3689, 918.9744, -12.0193
15199.1108, 910.4667, -173.3953, 926.8309, -10.7827
13219.4115, 920.7040, -157.9515, 934.1545, -9.7346
11497.5700, 929.4439, -143.8863, 940.5154, -8.8000
10000.0000, 937.8752, -130.4064, 946.8980, -7.9159
8697.4900, 945.5213, -119.4895, 953.0416, -7.2025
7564.6333, 952.6433, -108.1113, 958.7582, -6.4745
6579.3322, 959.2514, -97.7499, 964.2190, -5.8185
5722.3677, 964.7535, -87.8979, 968.7494, -5.2058
4977.0236, 970.8716, -79.6033, 974.1295, -4.6873
4328.7613, 974.6217, -71.6221, 977.2498, -4.2029
3764.9358, 978.6098, -63.6381, 980.6768, -3.7207
3274.5492, 981.8164, -56.1313, 983.4197, -3.2721
2848.0359, 984.3237, -50.5339, 985.6200, -2.9389
2477.0764, 985.5429, -44.1198, 986.5299, -2.5633
2154.4347, 986.2611, -39.9104, 987.0683, -2.3173
1873.8174, 986.3634, -34.5365, 986.9678, -2.0053
1629.7508, 985.5146, -30.0198, 985.9717, -1.7447
1417.4742, 986.6151, -27.3125, 986.9931, -1.5857
1232.8467, 986.3531, -24.3706, 986.6541, -1.4154
1072.2672, 987.2331, -21.8145, 987.4741, -1.2658
932.6033, 986.9549, -19.7123, 987.1518, -1.1442
811.1308, 987.5011, -16.9105, 987.6459, -0.9811
705.4802, 987.0728, -15.3660, 987.1924, -0.8919
613.5907, 986.9618, -14.4462, 987.0675, -0.8386
533.6699, 986.3768, -14.2207, 986.4793, -0.8260
464.1589, 986.9213, -12.6663, 987.0025, -0.7353
403.7017, 986.9401, -12.4049, 987.0180, -0.7201
351.1192, 986.9520, -12.2316, 987.0278, -0.7100
305.3856, 987.0090, -12.0001, 987.0820, -0.6966
265.6088, 987.1502, -12.3061, 987.2269, -0.7142
231.0130, 987.4688, -12.7597, 987.5512, -0.7403
200.9233, 987.4499, -13.4244, 987.5411, -0.7789
174.7528, 987.5876, -14.1369, 987.6888, -0.8201
151.9911, 987.4101, -15.4801, 987.5314, -0.8982
132.1941, 987.4163, -16.6063, 987.5560, -0.9635
114.9757, 987.7012, -18.4829, 987.8741, -1.0721
100.0000, 987.7679, -20.6613, 987.9840, -1.1983
86.9749, 987.5559, -23.2184, 987.8288, -1.3468
75.6463, 987.6078, -26.3491, 987.9593, -1.5283
65.7933, 986.5803, -30.2097, 987.0427, -1.7539
57.2237, 988.9415, -36.1671, 989.6027, -2.0945
49.7702, 987.4291, -38.3698, 988.1743, -2.2253
43.2876, 988.1906, -43.2495, 989.1366, -2.5060
37.6494, 987.9130, -49.4340, 989.1490, -2.8646
32.7455, 988.0068, -57.1563, 989.6587, -3.3109
28.4804, 988.2036, -65.3833, 990.3643, -3.7854
24.7708, 988.2026, -74.7709, 991.0273, -4.3270
21.5443, 988.5592, -85.8035, 992.2759, -4.9606
18.7382, 988.4940, -98.6833, 993.4076, -5.7011
16.2975, 988.7262, -113.0758, 995.1711, -6.5243
14.1747, 989.0956, -129.6160, 997.5522, -7.4658
12.3285, 989.3687, -148.7356, 1000.4862, -8.5495
10.7227, 989.8970, -170.8918, 1004.5397, -9.7948
9.3260, 990.2725, -196.1935, 1009.5204, -11.2064
8.1113, 991.2869, -225.3608, 1016.5811, -12.8080
7.0548, 991.8173, -259.1049, 1025.1034, -14.6409
6.1359, 993.1632, -297.4988, 1036.7635, -16.6754
5.3367, 994.6330, -341.7629, 1051.7113, -18.9631
4.6416, 996.4454, -393.0809, 1071.1750, -21.5284
4.0370, 999.1685, -451.5738, 1096.4746, -24.3206
3.5112, 1003.3994, -519.2081, 1129.7731, -27.3593
3.0539, 1009.3703, -597.4844, 1172.9519, -30.6229
2.6561, 1016.2550, -687.6310, 1227.0333, -34.0836
2.3101, 1024.4170, -791.0109, 1294.2675, -37.6738
2.0092, 1033.1923, -910.6036, 1377.2020, -41.3913
1.7475, 1041.4930, -1047.5925, 1477.2128, -45.1673
1.5199, 1050.5945, -1203.2073, 1597.3280, -48.8738
1.3219, 1061.7080, -1382.3757, 1743.0395, -52.4746
1.1498, 1076.3455, -1589.5754, 1919.7056, -55.8970
1.0000, 1097.4182, -1830.2794, 2134.0687, -59.0535
